position 3_tdc_data,position 3_tac_data,position 3_pdc_data,position 3_pac_data_0,position 3_pac_data_1,position 3_pac_data_2,position 3_pac_data_3,position 3_pac_data_4,position 3_pac_data_5,position 3_pac_data_6,position 3_pac_data_7,position 3_pac_data_8,position 3_pac_data_9,position 3_pac_data_10,position 3_pac_data_11,position 3_pac_data_12,position 3_pac_data_13,position 3_pac_data_14,position 3_pac_data_15,position 3_pac_data_16,position 3_pac_data_17,position 3_pac_data_18,position 3_pac_data_19,position 3_pac_data_20,position 3_pac_data_21,position 3_elec_data_0,position 3_elec_data_1,position 3_elec_data_2,position 3_elec_data_3,position 3_elec_data_4,position 3_elec_data_5,position 3_elec_data_6,position 3_elec_data_7,position 3_elec_data_8,position 3_elec_data_9,position 3_elec_data_10,position 3_elec_data_11,position 3_elec_data_12,position 3_elec_data_13,position 3_elec_data_14,position 3_elec_data_15,position 3_elec_data_16,position 3_elec_data_17,position 3_elec_data_18,header_from_controller_start,frame_collection_from_header
1396.0,1986.0,2196.0,2029.0,2031.0,2025.0,2023.0,2025.0,2026.0,2023.0,2025.0,2023.0,2023.0,2022.0,2030.0,2032.0,2033.0,2030.0,2029.0,2029.0,2030.0,2026.0,2029.0,2026.0,2026.0,3110.0,3518.0,3497.0,3355.0,3475.0,3351.0,3173.0,3288.0,3262.0,3344.0,2963.0,3472.0,3458.0,3256.0,3436.0,3235.0,3441.0,3498.0,3400.0,51.640626355,0.019905465
1396.0,1984.0,2196.0,2022.0,2022.0,2025.0,2025.0,2024.0,2026.0,2023.0,2025.0,2025.0,2025.0,2025.0,2023.0,2017.0,2021.0,2024.0,2024.0,2026.0,2023.0,2021.0,2025.0,2022.0,2024.0,3109.0,3519.0,3497.0,3354.0,3476.0,3352.0,3173.0,3288.0,3262.0,3344.0,2963.0,3474.0,3459.0,3255.0,3437.0,3236.0,3440.0,3497.0,3399.0,51.66062806,0.019965563000000002
1397.0,1985.0,2196.0,2034.0,2036.0,2033.0,2038.0,2035.0,2035.0,2035.0,2035.0,2036.0,2035.0,2034.0,2037.0,2036.0,2037.0,2036.0,2037.0,2039.0,2038.0,2037.0,2036.0,2035.0,2036.0,3109.0,3520.0,3497.0,3355.0,3476.0,3351.0,3172.0,3288.0,3261.0,3343.0,2963.0,3472.0,3458.0,3256.0,3438.0,3236.0,3441.0,3497.0,3400.0,51.68063817,0.019961574000000003
1396.0,1986.0,2196.0,2042.0,2043.0,2041.0,2044.0,2037.0,2036.0,2036.0,2037.0,2038.0,2034.0,2030.0,2030.0,2030.0,2029.0,2028.0,2027.0,2023.0,2024.0,2023.0,2028.0,2023.0,2021.0,3109.0,3519.0,3497.0,3355.0,3475.0,3351.0,3173.0,3288.0,3262.0,3344.0,2963.0,3472.0,3459.0,3255.0,3438.0,3236.0,3441.0,3498.0,3400.0,51.700627736,0.019946073
1396.0,1987.0,2196.0,2015.0,2016.0,2014.0,2016.0,2016.0,2021.0,2018.0,2017.0,2017.0,2015.0,2016.0,2017.0,2013.0,2016.0,2015.0,2012.0,2014.0,2015.0,2014.0,2015.0,2012.0,2011.0,3109.0,3520.0,3497.0,3354.0,3476.0,3352.0,3173.0,3289.0,3262.0,3343.0,2963.0,3472.0,3458.0,3254.0,3437.0,3236.0,3441.0,3497.0,3400.0,51.720631613,0.019964782
1396.0,1986.0,2196.0,2021.0,2014.0,2013.0,2015.0,2017.0,2014.0,2015.0,2016.0,2014.0,2016.0,2016.0,2020.0,2019.0,2016.0,2020.0,2022.0,2025.0,2025.0,2031.0,2031.0,2027.0,2029.0,3109.0,3520.0,3498.0,3354.0,3476.0,3352.0,3172.0,3287.0,3262.0,3344.0,2963.0,3472.0,3459.0,3255.0,3438.0,3237.0,3440.0,3499.0,3400.0,51.740628119,0.019928419000000003
1397.0,1985.0,2197.0,2028.0,2027.0,2030.0,2025.0,2032.0,2029.0,2029.0,2030.0,2030.0,2027.0,2029.0,2027.0,2029.0,2030.0,2031.0,2027.0,2029.0,2027.0,2029.0,2034.0,2028.0,2029.0,3110.0,3519.0,3498.0,3354.0,3476.0,3351.0,3174.0,3289.0,3263.0,3344.0,2964.0,3473.0,3459.0,3254.0,3437.0,3237.0,3441.0,3497.0,3400.0,51.760628284,0.019962915
1396.0,1986.0,2196.0,2038.0,2034.0,2037.0,2035.0,2035.0,2032.0,2034.0,2038.0,2039.0,2036.0,2038.0,2037.0,2037.0,2036.0,2038.0,2030.0,2033.0,2029.0,2026.0,2031.0,2027.0,2024.0,3110.0,3519.0,3497.0,3355.0,3475.0,3351.0,3173.0,3288.0,3262.0,3344.0,2963.0,3472.0,3459.0,3255.0,3437.0,3236.0,3441.0,3497.0,3400.0,51.780632817,0.019968482000000003
1397.0,1987.0,2196.0,2032.0,2032.0,2029.0,2028.0,2025.0,2024.0,2023.0,2027.0,2023.0,2027.0,2024.0,2022.0,2022.0,2023.0,2023.0,2022.0,2021.0,2026.0,2023.0,2027.0,2025.0,2024.0,3109.0,3519.0,3498.0,3355.0,3475.0,3352.0,3172.0,3289.0,3262.0,3344.0,2964.0,3472.0,3458.0,3255.0,3437.0,3236.0,3441.0,3496.0,3400.0,51.800632279,0.019922838000000002
1397.0,1985.0,2196.0,2023.0,2024.0,2021.0,2021.0,2021.0,2022.0,2022.0,2025.0,2025.0,2027.0,2025.0,2024.0,2023.0,2027.0,2026.0,2025.0,2026.0,2027.0,2026.0,2028.0,2030.0,2025.0,3109.0,3519.0,3497.0,3354.0,3477.0,3352.0,3173.0,3289.0,3262.0,3344.0,2963.0,3473.0,3458.0,3256.0,3437.0,3236.0,3440.0,3497.0,3400.0,51.820632219,0.019935391
1396.0,1987.0,2196.0,2020.0,2017.0,2015.0,2020.0,2020.0,2025.0,2021.0,2024.0,2023.0,2022.0,2021.0,2017.0,2023.0,2022.0,2019.0,2023.0,2022.0,2018.0,2015.0,2022.0,2021.0,2020.0,3109.0,3520.0,3496.0,3354.0,3475.0,3351.0,3172.0,3289.0,3263.0,3344.0,2963.0,3473.0,3459.0,3256.0,3437.0,3235.0,3442.0,3498.0,3400.0,51.840629662,0.019927269
1397.0,1986.0,2196.0,2018.0,2015.0,2015.0,2015.0,2016.0,2015.0,2017.0,2016.0,2015.0,2016.0,2014.0,2014.0,2016.0,2019.0,2021.0,2021.0,2018.0,2019.0,2023.0,2027.0,2028.0,2027.0,3109.0,3520.0,3498.0,3354.0,3476.0,3351.0,3173.0,3288.0,3262.0,3344.0,2963.0,3473.0,3458.0,3256.0,3438.0,3235.0,3440.0,3498.0,3400.0,51.860693633,0.020027026
1397.0,1987.0,2196.0,2025.0,2028.0,2030.0,2028.0,2031.0,2031.0,2032.0,2032.0,2037.0,2035.0,2034.0,2033.0,2035.0,2035.0,2035.0,2040.0,2036.0,2040.0,2036.0,2038.0,2034.0,2033.0,3110.0,3520.0,3497.0,3353.0,3476.0,3351.0,3173.0,3289.0,3262.0,3345.0,2964.0,3472.0,3459.0,3256.0,3437.0,3237.0,3441.0,3498.0,3400.0,51.880630497,0.019897857
1396.0,1988.0,2196.0,2032.0,2032.0,2031.0,2035.0,2032.0,2033.0,2030.0,2031.0,2030.0,2029.0,2029.0,2030.0,2031.0,2033.0,2032.0,2032.0,2028.0,2032.0,2032.0,2036.0,2032.0,2032.0,3110.0,3519.0,3498.0,3354.0,3476.0,3352.0,3172.0,3288.0,3262.0,3343.0,2964.0,3473.0,3459.0,3255.0,3438.0,3236.0,3440.0,3497.0,3399.0,51.900629948,0.019939632000000002
1396.0,1987.0,2196.0,2021.0,2023.0,2026.0,2024.0,2024.0,2026.0,2024.0,2020.0,2025.0,2028.0,2027.0,2021.0,2020.0,2023.0,2021.0,2021.0,2022.0,2022.0,2022.0,2025.0,2021.0,2022.0,3109.0,3519.0,3498.0,3355.0,3476.0,3352.0,3172.0,3288.0,3262.0,3344.0,2964.0,3472.0,3458.0,3255.0,3437.0,3236.0,3441.0,3497.0,3399.0,51.92063366,0.019972062000000002
1396.0,1986.0,2196.0,2024.0,2023.0,2021.0,2019.0,2021.0,2020.0,2020.0,2019.0,2020.0,2018.0,2020.0,2025.0,2024.0,2025.0,2020.0,2018.0,2020.0,2021.0,2023.0,2026.0,2021.0,2020.0,3110.0,3520.0,3497.0,3355.0,3476.0,3351.0,3173.0,3288.0,3262.0,3344.0,2963.0,3472.0,3459.0,3255.0,3437.0,3237.0,3440.0,3497.0,3401.0,51.940630478,0.019927303
1397.0,1987.0,2196.0,2020.0,2022.0,2023.0,2020.0,2018.0,2023.0,2022.0,2018.0,2020.0,2021.0,2021.0,2020.0,2022.0,2025.0,2022.0,2020.0,2024.0,2024.0,2023.0,2028.0,2025.0,2024.0,3109.0,3520.0,3498.0,3355.0,3476.0,3352.0,3172.0,3289.0,3262.0,3343.0,2964.0,3472.0,3459.0,3255.0,3437.0,3235.0,3440.0,3497.0,3401.0,51.960634548,0.019964731000000003
1397.0,1985.0,2196.0,2034.0,2032.0,2033.0,2035.0,2035.0,2035.0,2032.0,2032.0,2033.0,2037.0,2032.0,2034.0,2033.0,2037.0,2036.0,2035.0,2036.0,2032.0,2038.0,2038.0,2032.0,2033.0,3109.0,3519.0,3497.0,3354.0,3475.0,3351.0,3172.0,3288.0,3262.0,3345.0,2963.0,3472.0,3459.0,3256.0,3438.0,3237.0,3441.0,3498.0,3400.0,51.980631398,0.019930748
1396.0,1984.0,2196.0,2034.0,2033.0,2032.0,2029.0,2032.0,2032.0,2036.0,2035.0,2032.0,2038.0,2034.0,2035.0,2033.0,2032.0,2033.0,2035.0,2037.0,2034.0,2033.0,2038.0,2034.0,2035.0,3110.0,3519.0,3498.0,3354.0,3476.0,3351.0,3173.0,3289.0,3262.0,3344.0,2963.0,3473.0,3459.0,3255.0,3438.0,3236.0,3440.0,3498.0,3401.0,52.00063576,0.019936498
1396.0,1985.0,2196.0,2024.0,2020.0,2021.0,2020.0,2018.0,2020.0,2022.0,2021.0,2017.0,2026.0,2026.0,2026.0,2022.0,2020.0,2023.0,2022.0,2023.0,2026.0,2025.0,2028.0,2021.0,2021.0,3109.0,3519.0,3497.0,3354.0,3476.0,3352.0,3172.0,3288.0,3263.0,3344.0,2963.0,3472.0,3459.0,3255.0,3437.0,3235.0,3441.0,3497.0,3401.0,52.020632837,0.019924575
1396.0,1986.0,2197.0,2029.0,2023.0,2023.0,2027.0,2029.0,2025.0,2027.0,2024.0,2023.0,2026.0,2026.0,2023.0,2024.0,2026.0,2027.0,2028.0,2024.0,2023.0,2021.0,2027.0,2025.0,2025.0,3109.0,3519.0,3498.0,3355.0,3476.0,3352.0,3173.0,3288.0,3263.0,3344.0,2963.0,3472.0,3459.0,3256.0,3437.0,3236.0,3441.0,3497.0,3400.0,52.040632022,0.019934566
1397.0,1985.0,2196.0,2022.0,2023.0,2021.0,2019.0,2022.0,2022.0,2024.0,2025.0,2026.0,2027.0,2029.0,2029.0,2031.0,2029.0,2028.0,2031.0,2027.0,2029.0,2025.0,2027.0,2025.0,2025.0,3109.0,3519.0,3498.0,3354.0,3476.0,3352.0,3172.0,3289.0,3261.0,3344.0,2964.0,3472.0,3459.0,3255.0,3438.0,3236.0,3441.0,3497.0,3399.0,52.060633533,0.019959098
1397.0,1988.0,2197.0,2023.0,2023.0,2022.0,2022.0,2023.0,2024.0,2026.0,2025.0,2023.0,2028.0,2023.0,2026.0,2027.0,2025.0,2025.0,2026.0,2027.0,2025.0,2023.0,2025.0,2028.0,2033.0,3109.0,3519.0,3498.0,3353.0,3475.0,3351.0,3172.0,3288.0,3262.0,3344.0,2964.0,3473.0,3459.0,3255.0,3438.0,3236.0,3441.0,3498.0,3400.0,52.080631964,0.019939685000000002
1397.0,1985.0,2196.0,2034.0,2038.0,2037.0,2036.0,2035.0,2034.0,2038.0,2036.0,2036.0,2037.0,2032.0,2031.0,2029.0,2030.0,2031.0,2033.0,2033.0,2029.0,2028.0,2031.0,2029.0,2033.0,3108.0,3520.0,3499.0,3354.0,3476.0,3352.0,3173.0,3288.0,3262.0,3343.0,2964.0,3473.0,3459.0,3255.0,3438.0,3236.0,3441.0,3498.0,3400.0,52.100631674,0.019933986
1397.0,1984.0,2197.0,2031.0,2029.0,2028.0,2029.0,2029.0,2028.0,2029.0,2030.0,2035.0,2029.0,2030.0,2033.0,2029.0,2027.0,2029.0,2029.0,2029.0,2028.0,2032.0,2030.0,2027.0,2025.0,3109.0,3520.0,3498.0,3354.0,3476.0,3352.0,3173.0,3288.0,3262.0,3343.0,2964.0,3472.0,3459.0,3255.0,3437.0,3236.0,3441.0,3497.0,3399.0,52.120634323,0.019971977000000002
1397.0,1985.0,2196.0,2031.0,2031.0,2030.0,2033.0,2034.0,2031.0,2034.0,2033.0,2032.0,2032.0,2036.0,2034.0,2033.0,2032.0,2031.0,2032.0,2033.0,2033.0,2032.0,2035.0,2031.0,2030.0,3109.0,3520.0,3497.0,3353.0,3476.0,3352.0,3173.0,3289.0,3262.0,3344.0,2964.0,3473.0,3458.0,3256.0,3437.0,3236.0,3441.0,3499.0,3400.0,52.140632914,0.019931928
1396.0,1986.0,2196.0,2029.0,2030.0,2031.0,2029.0,2029.0,2029.0,2029.0,2030.0,2030.0,2029.0,2029.0,2028.0,2025.0,2027.0,2025.0,2021.0,2024.0,2025.0,2024.0,2029.0,2026.0,2026.0,3109.0,3520.0,3498.0,3354.0,3476.0,3352.0,3173.0,3288.0,3262.0,3344.0,2964.0,3472.0,3458.0,3255.0,3437.0,3236.0,3440.0,3498.0,3401.0,52.160636077,0.019964758000000003
1397.0,1987.0,2196.0,2036.0,2033.0,2032.0,2033.0,2032.0,2029.0,2032.0,2032.0,2032.0,2032.0,2033.0,2031.0,2031.0,2027.0,2028.0,2023.0,2027.0,2029.0,2030.0,2032.0,2028.0,2030.0,3109.0,3520.0,3498.0,3354.0,3475.0,3352.0,3172.0,3288.0,3262.0,3344.0,2963.0,3472.0,3459.0,3254.0,3437.0,3236.0,3441.0,3497.0,3401.0,52.180633147,0.019928986000000003
1397.0,1986.0,2196.0,2023.0,2020.0,2025.0,2025.0,2026.0,2027.0,2026.0,2023.0,2024.0,2027.0,2026.0,2025.0,2025.0,2027.0,2023.0,2023.0,2021.0,2020.0,2022.0,2026.0,2023.0,2024.0,3109.0,3520.0,3497.0,3354.0,3475.0,3351.0,3173.0,3288.0,3262.0,3344.0,2963.0,3472.0,3458.0,3256.0,3437.0,3235.0,3440.0,3498.0,3401.0,52.200635358,0.019946288
1396.0,1988.0,2197.0,2019.0,2018.0,2022.0,2021.0,2022.0,2020.0,2019.0,2020.0,2020.0,2021.0,2023.0,2025.0,2021.0,2020.0,2020.0,2019.0,2019.0,2021.0,2024.0,2023.0,2022.0,2025.0,3109.0,3519.0,3497.0,3354.0,3475.0,3351.0,3172.0,3289.0,3262.0,3344.0,2963.0,3472.0,3459.0,3256.0,3439.0,3237.0,3441.0,3498.0,3400.0,52.22063551,0.019961686000000003
1396.0,1988.0,2197.0,2026.0,2026.0,2027.0,2025.0,2022.0,2024.0,2023.0,2023.0,2025.0,2030.0,2024.0,2021.0,2022.0,2021.0,2021.0,2023.0,2022.0,2025.0,2023.0,2029.0,2027.0,2024.0,3109.0,3518.0,3497.0,3354.0,3475.0,3352.0,3173.0,3288.0,3262.0,3344.0,2963.0,3472.0,3459.0,3255.0,3438.0,3236.0,3440.0,3499.0,3400.0,52.240634696,0.019933356000000003
1397.0,1987.0,2197.0,2029.0,2027.0,2032.0,2035.0,2032.0,2031.0,2032.0,2034.0,2032.0,2030.0,2034.0,2028.0,2030.0,2027.0,2029.0,2029.0,2027.0,2029.0,2034.0,2033.0,2027.0,2027.0,3109.0,3519.0,3497.0,3355.0,3475.0,3351.0,3173.0,3289.0,3262.0,3344.0,2963.0,3472.0,3459.0,3255.0,3438.0,3236.0,3441.0,3497.0,3400.0,52.260635809,0.0199626
1397.0,1986.0,2196.0,2023.0,2026.0,2029.0,2029.0,2030.0,2027.0,2025.0,2028.0,2024.0,2025.0,2029.0,2031.0,2030.0,2031.0,2030.0,2031.0,2031.0,2035.0,2032.0,2032.0,2030.0,2034.0,3109.0,3519.0,3498.0,3355.0,3476.0,3351.0,3173.0,3289.0,3262.0,3345.0,2964.0,3473.0,3458.0,3255.0,3438.0,3236.0,3441.0,3498.0,3401.0,52.280634951,0.019939717000000003
1396.0,1985.0,2196.0,2031.0,2031.0,2030.0,2031.0,2028.0,2030.0,2026.0,2029.0,2031.0,2034.0,2033.0,2032.0,2028.0,2030.0,2028.0,2030.0,2029.0,2026.0,2028.0,2030.0,2021.0,2025.0,3109.0,3519.0,3497.0,3354.0,3475.0,3352.0,3173.0,3289.0,3262.0,3344.0,2963.0,3472.0,3459.0,3255.0,3438.0,3236.0,3441.0,3498.0,3399.0,52.300634364,0.019936886
1397.0,1986.0,2196.0,2026.0,2025.0,2029.0,2030.0,2030.0,2031.0,2032.0,2028.0,2027.0,2029.0,2029.0,2031.0,2032.0,2028.0,2027.0,2029.0,2025.0,2024.0,2027.0,2029.0,2025.0,2025.0,3109.0,3520.0,3498.0,3355.0,3475.0,3351.0,3172.0,3288.0,3262.0,3344.0,2964.0,3472.0,3459.0,3255.0,3438.0,3236.0,3441.0,3498.0,3401.0,52.320638347,0.019972221000000002
1396.0,1985.0,2196.0,2028.0,2023.0,2026.0,2028.0,2025.0,2027.0,2024.0,2025.0,2023.0,2024.0,2023.0,2024.0,2023.0,2024.0,2023.0,2023.0,2024.0,2022.0,2022.0,2024.0,2018.0,2021.0,3109.0,3518.0,3497.0,3355.0,3476.0,3352.0,3173.0,3288.0,3263.0,3344.0,2964.0,3473.0,3458.0,3256.0,3438.0,3237.0,3442.0,3498.0,3401.0,52.340636555,0.019926763
1397.0,1985.0,2196.0,2027.0,2028.0,2029.0,2030.0,2027.0,2027.0,2031.0,2030.0,2027.0,2027.0,2024.0,2027.0,2031.0,2032.0,2031.0,2032.0,2030.0,2035.0,2034.0,2034.0,2031.0,2029.0,3110.0,3520.0,3497.0,3355.0,3475.0,3352.0,3172.0,3289.0,3262.0,3344.0,2963.0,3473.0,3459.0,3256.0,3437.0,3236.0,3441.0,3498.0,3400.0,52.360642264,0.019958601000000003
1397.0,1986.0,2196.0,2027.0,2035.0,2034.0,2030.0,2027.0,2027.0,2023.0,2023.0,2021.0,2020.0,2022.0,2022.0,2017.0,2015.0,2018.0,2017.0,2014.0,2015.0,2018.0,2020.0,2018.0,2022.0,3109.0,3519.0,3498.0,3355.0,3476.0,3352.0,3173.0,3288.0,3262.0,3344.0,2963.0,3472.0,3459.0,3255.0,3437.0,3235.0,3441.0,3498.0,3400.0,52.380636173,0.019923404000000002
1396.0,1986.0,2197.0,2028.0,2031.0,2028.0,2022.0,2024.0,2026.0,2024.0,2026.0,2021.0,2023.0,2021.0,2022.0,2021.0,2021.0,2023.0,2020.0,2020.0,2020.0,2019.0,2020.0,2015.0,2018.0,3110.0,3520.0,3498.0,3354.0,3476.0,3351.0,3172.0,3288.0,3263.0,3344.0,2964.0,3472.0,3458.0,3255.0,3438.0,3236.0,3440.0,3497.0,3401.0,52.400637811,0.019935612000000002
1396.0,1986.0,2196.0,2025.0,2027.0,2025.0,2022.0,2026.0,2024.0,2020.0,2016.0,2022.0,2023.0,2026.0,2027.0,2026.0,2025.0,2026.0,2022.0,2021.0,2026.0,2023.0,2019.0,2024.0,2018.0,3109.0,3519.0,3498.0,3353.0,3476.0,3351.0,3173.0,3288.0,3262.0,3344.0,2964.0,3471.0,3459.0,3256.0,3437.0,3236.0,3440.0,3499.0,3401.0,52.420639824,0.019960748
1396.0,1988.0,2196.0,2032.0,2031.0,2033.0,2031.0,2036.0,2033.0,2032.0,2030.0,2032.0,2035.0,2041.0,2038.0,2040.0,2040.0,2039.0,2036.0,2039.0,2042.0,2040.0,2038.0,2035.0,2037.0,3108.0,3520.0,3498.0,3354.0,3475.0,3352.0,3173.0,3289.0,3262.0,3344.0,2964.0,3473.0,3459.0,3256.0,3438.0,3237.0,3441.0,3498.0,3400.0,52.440637355,0.019922526000000003
1396.0,1985.0,2196.0,2029.0,2031.0,2034.0,2036.0,2034.0,2036.0,2029.0,2031.0,2036.0,2031.0,2031.0,2031.0,2030.0,2031.0,2030.0,2030.0,2032.0,2032.0,2033.0,2033.0,2032.0,2029.0,3110.0,3518.0,3497.0,3354.0,3476.0,3351.0,3173.0,3288.0,3261.0,3344.0,2963.0,3473.0,3458.0,3256.0,3438.0,3235.0,3442.0,3497.0,3400.0,52.460640177,0.019956239
1396.0,1985.0,2196.0,2027.0,2026.0,2023.0,2025.0,2023.0,2021.0,2022.0,2021.0,2023.0,2026.0,2023.0,2022.0,2021.0,2019.0,2017.0,2017.0,2019.0,2021.0,2020.0,2020.0,2022.0,2018.0,3109.0,3519.0,3498.0,3354.0,3476.0,3351.0,3173.0,3289.0,3263.0,3344.0,2963.0,3472.0,3459.0,3256.0,3438.0,3237.0,3441.0,3498.0,3401.0,52.480636802,0.019937343
1397.0,1986.0,2196.0,2022.0,2023.0,2027.0,2026.0,2023.0,2025.0,2027.0,2025.0,2027.0,2028.0,2027.0,2029.0,2026.0,2027.0,2024.0,2025.0,2026.0,2027.0,2027.0,2028.0,2027.0,2026.0,3109.0,3520.0,3497.0,3354.0,3477.0,3351.0,3173.0,3289.0,3262.0,3343.0,2964.0,3472.0,3459.0,3256.0,3438.0,3236.0,3441.0,3497.0,3400.0,52.500638007,0.019941379000000002
1396.0,1984.0,2197.0,2033.0,2032.0,2034.0,2032.0,2031.0,2032.0,2031.0,2034.0,2033.0,2031.0,2031.0,2033.0,2033.0,2031.0,2029.0,2031.0,2033.0,2035.0,2035.0,2037.0,2031.0,2031.0,3109.0,3520.0,3498.0,3354.0,3476.0,3352.0,3173.0,3288.0,3263.0,3343.0,2964.0,3472.0,3459.0,3256.0,3437.0,3236.0,3441.0,3498.0,3401.0,52.520639205,0.019957674
1396.0,1985.0,2196.0,2027.0,2028.0,2027.0,2028.0,2031.0,2029.0,2026.0,2025.0,2026.0,2029.0,2028.0,2025.0,2027.0,2025.0,2026.0,2023.0,2028.0,2027.0,2025.0,2030.0,2029.0,2027.0,3110.0,3519.0,3498.0,3355.0,3477.0,3351.0,3173.0,3289.0,3263.0,3345.0,2964.0,3473.0,3458.0,3255.0,3437.0,3236.0,3441.0,3498.0,3400.0,52.540644317,0.019937160000000002
1397.0,1986.0,2197.0,2024.0,2027.0,2028.0,2025.0,2029.0,2032.0,2033.0,2025.0,2024.0,2027.0,2030.0,2030.0,2027.0,2025.0,2026.0,2025.0,2025.0,2024.0,2024.0,2026.0,2023.0,2021.0,3109.0,3518.0,3498.0,3354.0,3476.0,3352.0,3173.0,3289.0,3262.0,3343.0,2964.0,3472.0,3458.0,3256.0,3438.0,3236.0,3441.0,3499.0,3401.0,52.560639514,0.019916669
1397.0,1987.0,2196.0,2017.0,2019.0,2021.0,2020.0,2021.0,2017.0,2019.0,2019.0,2018.0,2017.0,2021.0,2015.0,2011.0,2016.0,2017.0,2013.0,2016.0,2017.0,2018.0,2022.0,2024.0,2021.0,3109.0,3519.0,3498.0,3355.0,3476.0,3351.0,3172.0,3289.0,3262.0,3345.0,2964.0,3472.0,3459.0,3256.0,3438.0,3237.0,3440.0,3497.0,3401.0,52.580638234,0.019940611
1396.0,1987.0,2196.0,2031.0,2032.0,2031.0,2032.0,2033.0,2032.0,2034.0,2033.0,2036.0,2037.0,2032.0,2032.0,2034.0,2034.0,2034.0,2032.0,2032.0,2026.0,2027.0,2028.0,2028.0,2035.0,3109.0,3519.0,3497.0,3354.0,3475.0,3351.0,3173.0,3289.0,3262.0,3344.0,2964.0,3472.0,3459.0,3256.0,3437.0,3235.0,3441.0,3497.0,3401.0,52.60063922,0.01994229
1396.0,1986.0,2196.0,2032.0,2028.0,2030.0,2031.0,2034.0,2033.0,2032.0,2031.0,2030.0,2031.0,2033.0,2029.0,2031.0,2033.0,2030.0,2028.0,2029.0,2026.0,2028.0,2033.0,2030.0,2027.0,3109.0,3520.0,3498.0,3355.0,3475.0,3351.0,3173.0,3288.0,3262.0,3345.0,2963.0,3471.0,3459.0,3255.0,3437.0,3237.0,3441.0,3498.0,3401.0,52.620638286,0.019961733000000002
1397.0,1986.0,2197.0,2022.0,2028.0,2029.0,2027.0,2027.0,2027.0,2023.0,2023.0,2026.0,2025.0,2029.0,2028.0,2027.0,2024.0,2022.0,2022.0,2021.0,2024.0,2028.0,2028.0,2025.0,2022.0,3109.0,3519.0,3498.0,3354.0,3475.0,3353.0,3173.0,3289.0,3262.0,3344.0,2963.0,3473.0,3459.0,3255.0,3437.0,3236.0,3441.0,3498.0,3401.0,52.640640839,0.019963332
1397.0,1986.0,2196.0,2032.0,2030.0,2028.0,2028.0,2029.0,2029.0,2030.0,2034.0,2029.0,2027.0,2027.0,2026.0,2027.0,2030.0,2029.0,2029.0,2025.0,2023.0,2023.0,2026.0,2026.0,2028.0,3109.0,3519.0,3498.0,3354.0,3475.0,3352.0,3173.0,3289.0,3262.0,3344.0,2963.0,3472.0,3458.0,3255.0,3438.0,3237.0,3441.0,3497.0,3400.0,52.660642213,0.019956233
1397.0,1987.0,2196.0,2026.0,2027.0,2027.0,2027.0,2029.0,2027.0,2030.0,2031.0,2030.0,2032.0,2031.0,2029.0,2031.0,2033.0,2035.0,2037.0,2035.0,2031.0,2027.0,2031.0,2027.0,2023.0,3109.0,3519.0,3499.0,3354.0,3476.0,3351.0,3172.0,3288.0,3262.0,3345.0,2963.0,3473.0,3459.0,3255.0,3438.0,3236.0,3441.0,3497.0,3401.0,52.680639969,0.019937059
1397.0,1986.0,2196.0,2030.0,2028.0,2035.0,2035.0,2033.0,2033.0,2033.0,2029.0,2031.0,2032.0,2031.0,2029.0,2028.0,2029.0,2029.0,2024.0,2025.0,2028.0,2030.0,2031.0,2030.0,2031.0,3109.0,3519.0,3498.0,3354.0,3476.0,3351.0,3173.0,3288.0,3262.0,3345.0,2963.0,3472.0,3460.0,3256.0,3437.0,3237.0,3441.0,3498.0,3400.0,52.70063985,0.019941299000000003
1396.0,1986.0,2197.0,2026.0,2029.0,2030.0,2032.0,2026.0,2026.0,2023.0,2019.0,2019.0,2020.0,2021.0,2021.0,2022.0,2020.0,2021.0,2018.0,2019.0,2018.0,2018.0,2020.0,2014.0,2020.0,3109.0,3519.0,3498.0,3354.0,3475.0,3351.0,3173.0,3288.0,3262.0,3343.0,2964.0,3472.0,3459.0,3255.0,3438.0,3235.0,3441.0,3498.0,3401.0,52.720646726,0.019965826000000002
1397.0,1986.0,2196.0,2033.0,2030.0,2030.0,2027.0,2027.0,2023.0,2026.0,2022.0,2025.0,2026.0,2028.0,2025.0,2025.0,2030.0,2027.0,2026.0,2026.0,2028.0,2028.0,2028.0,2030.0,2030.0,3109.0,3519.0,3497.0,3355.0,3476.0,3352.0,3173.0,3288.0,3262.0,3345.0,2964.0,3472.0,3458.0,3256.0,3437.0,3236.0,3440.0,3498.0,3401.0,52.740640838,0.019918361000000002
1397.0,1986.0,2196.0,2024.0,2020.0,2022.0,2029.0,2031.0,2031.0,2035.0,2035.0,2034.0,2034.0,2026.0,2026.0,2028.0,2028.0,2031.0,2031.0,2029.0,2027.0,2028.0,2030.0,2024.0,2026.0,3109.0,3518.0,3497.0,3354.0,3476.0,3351.0,3173.0,3288.0,3263.0,3344.0,2963.0,3472.0,3459.0,3255.0,3438.0,3236.0,3440.0,3498.0,3399.0,52.760642005,0.019955323
1396.0,1989.0,2196.0,2032.0,2035.0,2032.0,2025.0,2027.0,2025.0,2029.0,2029.0,2027.0,2027.0,2033.0,2030.0,2031.0,2033.0,2032.0,2028.0,2026.0,2029.0,2032.0,2036.0,2035.0,2033.0,3109.0,3519.0,3498.0,3354.0,3475.0,3351.0,3172.0,3289.0,3262.0,3344.0,2964.0,3473.0,3459.0,3255.0,3438.0,3236.0,3441.0,3498.0,3400.0,52.780640386,0.01994129
1397.0,1989.0,2196.0,2021.0,2023.0,2024.0,2023.0,2023.0,2025.0,2025.0,2023.0,2028.0,2027.0,2028.0,2031.0,2033.0,2032.0,2034.0,2032.0,2034.0,2032.0,2031.0,2038.0,2035.0,2037.0,3110.0,3520.0,3498.0,3354.0,3475.0,3351.0,3173.0,3288.0,3263.0,3345.0,2963.0,3472.0,3458.0,3256.0,3437.0,3236.0,3441.0,3498.0,3400.0,52.800642968,0.019946485
1397.0,1990.0,2196.0,2024.0,2027.0,2032.0,2026.0,2026.0,2031.0,2029.0,2028.0,2027.0,2023.0,2021.0,2022.0,2022.0,2024.0,2022.0,2024.0,2021.0,2018.0,2022.0,2024.0,2022.0,2027.0,3109.0,3519.0,3497.0,3354.0,3475.0,3351.0,3173.0,3289.0,3263.0,3343.0,2964.0,3472.0,3458.0,3255.0,3437.0,3236.0,3441.0,3498.0,3401.0,52.820644268,0.019953778000000002
1397.0,1988.0,2197.0,2026.0,2025.0,2025.0,2024.0,2026.0,2027.0,2026.0,2024.0,2023.0,2024.0,2026.0,2027.0,2026.0,2026.0,2025.0,2026.0,2024.0,2023.0,2023.0,2023.0,2022.0,2020.0,3109.0,3520.0,3498.0,3355.0,3476.0,3352.0,3172.0,3288.0,3262.0,3345.0,2963.0,3473.0,3459.0,3255.0,3438.0,3236.0,3441.0,3497.0,3400.0,52.840645385,0.019932709
1397.0,1987.0,2196.0,2017.0,2015.0,2015.0,2018.0,2019.0,2023.0,2020.0,2021.0,2018.0,2015.0,2014.0,2019.0,2018.0,2022.0,2022.0,2022.0,2021.0,2021.0,2024.0,2027.0,2025.0,2021.0,3109.0,3519.0,3497.0,3354.0,3476.0,3353.0,3173.0,3289.0,3262.0,3344.0,2963.0,3472.0,3459.0,3256.0,3438.0,3236.0,3441.0,3498.0,3400.0,52.86064328,0.019924734000000003
1397.0,1985.0,2196.0,2029.0,2030.0,2029.0,2033.0,2029.0,2032.0,2029.0,2032.0,2029.0,2032.0,2032.0,2033.0,2030.0,2033.0,2033.0,2031.0,2029.0,2029.0,2030.0,2031.0,2033.0,2034.0,3109.0,3518.0,3498.0,3354.0,3475.0,3352.0,3173.0,3288.0,3264.0,3344.0,2964.0,3472.0,3459.0,3256.0,3438.0,3237.0,3441.0,3497.0,3401.0,52.880642063,0.019940716
1397.0,1986.0,2197.0,2029.0,2027.0,2030.0,2025.0,2029.0,2028.0,2029.0,2030.0,2029.0,2028.0,2031.0,2034.0,2035.0,2033.0,2029.0,2030.0,2029.0,2028.0,2026.0,2029.0,2030.0,2031.0,3109.0,3519.0,3498.0,3355.0,3475.0,3352.0,3172.0,3288.0,3262.0,3344.0,2964.0,3472.0,3459.0,3256.0,3438.0,3236.0,3442.0,3498.0,3400.0,52.900642865,0.019941097
1397.0,1986.0,2196.0,2027.0,2027.0,2032.0,2028.0,2027.0,2023.0,2023.0,2022.0,2024.0,2024.0,2023.0,2021.0,2023.0,2020.0,2021.0,2025.0,2022.0,2021.0,2021.0,2024.0,2023.0,2020.0,3108.0,3520.0,3498.0,3354.0,3476.0,3351.0,3173.0,3288.0,3262.0,3344.0,2964.0,3472.0,3458.0,3255.0,3437.0,3236.0,3441.0,3498.0,3400.0,52.920649658,0.019964788
1397.0,1988.0,2196.0,2019.0,2019.0,2022.0,2021.0,2020.0,2021.0,2022.0,2023.0,2021.0,2025.0,2026.0,2023.0,2026.0,2026.0,2028.0,2026.0,2026.0,2025.0,2023.0,2025.0,2025.0,2027.0,3109.0,3519.0,3498.0,3355.0,3475.0,3351.0,3173.0,3288.0,3263.0,3344.0,2964.0,3473.0,3459.0,3256.0,3437.0,3236.0,3441.0,3498.0,3400.0,52.940646295,0.019922293
1396.0,1985.0,2196.0,2025.0,2022.0,2025.0,2025.0,2024.0,2027.0,2027.0,2031.0,2030.0,2027.0,2029.0,2031.0,2024.0,2027.0,2026.0,2026.0,2030.0,2030.0,2030.0,2027.0,2025.0,2028.0,3109.0,3519.0,3498.0,3355.0,3476.0,3351.0,3173.0,3289.0,3262.0,3345.0,2963.0,3472.0,3459.0,3256.0,3439.0,3236.0,3440.0,3498.0,3401.0,52.960642915,0.019924198
1397.0,1985.0,2197.0,2039.0,2037.0,2035.0,2033.0,2033.0,2032.0,2031.0,2029.0,2030.0,2031.0,2033.0,2030.0,2030.0,2029.0,2030.0,2028.0,2028.0,2029.0,2030.0,2031.0,2028.0,2028.0,3109.0,3520.0,3498.0,3355.0,3476.0,3351.0,3173.0,3288.0,3262.0,3343.0,2963.0,3472.0,3459.0,3255.0,3438.0,3237.0,3440.0,3497.0,3400.0,52.980643379,0.019967017
1398.0,1987.0,2196.0,2023.0,2025.0,2025.0,2023.0,2023.0,2022.0,2021.0,2021.0,2021.0,2021.0,2022.0,2022.0,2022.0,2023.0,2025.0,2020.0,2022.0,2024.0,2024.0,2026.0,2023.0,2025.0,3109.0,3520.0,3498.0,3354.0,3477.0,3351.0,3173.0,3289.0,3262.0,3344.0,2964.0,3473.0,3459.0,3256.0,3439.0,3236.0,3441.0,3498.0,3400.0,53.000647839,0.019943639000000003
1398.0,1986.0,2196.0,2027.0,2025.0,2031.0,2032.0,2031.0,2034.0,2031.0,2031.0,2032.0,2030.0,2029.0,2030.0,2032.0,2032.0,2031.0,2032.0,2030.0,2031.0,2031.0,2035.0,2038.0,2035.0,3109.0,3519.0,3497.0,3355.0,3476.0,3352.0,3173.0,3289.0,3264.0,3344.0,2964.0,3471.0,3459.0,3255.0,3437.0,3236.0,3441.0,3497.0,3401.0,53.020646441,0.019919786000000002
1397.0,1986.0,2196.0,2032.0,2034.0,2030.0,2029.0,2027.0,2029.0,2033.0,2032.0,2034.0,2036.0,2037.0,2034.0,2034.0,2034.0,2034.0,2036.0,2037.0,2037.0,2039.0,2038.0,2037.0,2036.0,3109.0,3519.0,3498.0,3354.0,3476.0,3352.0,3173.0,3289.0,3263.0,3344.0,2963.0,3472.0,3459.0,3255.0,3438.0,3236.0,3441.0,3498.0,3401.0,53.0406473,0.019933943000000003
1397.0,1987.0,2197.0,2026.0,2028.0,2027.0,2025.0,2025.0,2028.0,2025.0,2024.0,2023.0,2029.0,2029.0,2025.0,2026.0,2023.0,2026.0,2025.0,2025.0,2025.0,2023.0,2025.0,2026.0,2023.0,3109.0,3519.0,3497.0,3354.0,3475.0,3351.0,3173.0,3289.0,3262.0,3344.0,2963.0,3473.0,3459.0,3256.0,3437.0,3237.0,3440.0,3498.0,3399.0,53.060644192,0.019927399000000002
1396.0,1986.0,2196.0,2014.0,2016.0,2018.0,2016.0,2014.0,2015.0,2015.0,2014.0,2018.0,2015.0,2010.0,2015.0,2019.0,2014.0,2015.0,2017.0,2016.0,2018.0,2020.0,2020.0,2020.0,2016.0,3109.0,3519.0,3497.0,3354.0,3475.0,3352.0,3173.0,3289.0,3262.0,3344.0,2964.0,3473.0,3459.0,3255.0,3438.0,3236.0,3442.0,3498.0,3401.0,53.080645041,0.019964376000000002
1397.0,1985.0,2197.0,2022.0,2027.0,2024.0,2022.0,2026.0,2025.0,2025.0,2027.0,2027.0,2027.0,2026.0,2025.0,2023.0,2025.0,2026.0,2028.0,2028.0,2028.0,2028.0,2030.0,2024.0,2023.0,3109.0,3519.0,3498.0,3355.0,3475.0,3352.0,3173.0,3288.0,3262.0,3344.0,2964.0,3473.0,3458.0,3256.0,3438.0,3236.0,3441.0,3498.0,3400.0,53.1006457,0.019940893
1397.0,1988.0,2196.0,2026.0,2025.0,2033.0,2036.0,2041.0,2040.0,2041.0,2040.0,2039.0,2038.0,2040.0,2040.0,2036.0,2039.0,2038.0,2038.0,2037.0,2036.0,2036.0,2041.0,2036.0,2037.0,3110.0,3519.0,3498.0,3354.0,3475.0,3351.0,3172.0,3288.0,3262.0,3344.0,2964.0,3472.0,3459.0,3256.0,3438.0,3236.0,3441.0,3498.0,3401.0,53.120648245,0.019962379000000002
1397.0,1987.0,2197.0,2032.0,2033.0,2030.0,2028.0,2036.0,2037.0,2038.0,2039.0,2039.0,2038.0,2035.0,2031.0,2034.0,2033.0,2037.0,2036.0,2036.0,2036.0,2035.0,2034.0,2034.0,2035.0,3109.0,3520.0,3497.0,3354.0,3476.0,3351.0,3173.0,3289.0,3263.0,3344.0,2964.0,3472.0,3459.0,3256.0,3437.0,3236.0,3442.0,3499.0,3400.0,53.140648366,0.019934753000000003
1397.0,1987.0,2197.0,2032.0,2028.0,2029.0,2028.0,2028.0,2032.0,2027.0,2024.0,2024.0,2026.0,2024.0,2022.0,2023.0,2019.0,2022.0,2018.0,2020.0,2021.0,2022.0,2022.0,2021.0,2025.0,3109.0,3519.0,3498.0,3355.0,3476.0,3352.0,3174.0,3288.0,3263.0,3344.0,2963.0,3472.0,3458.0,3256.0,3438.0,3236.0,3441.0,3497.0,3401.0,53.160646102,0.019923653000000003
1396.0,1988.0,2197.0,2027.0,2029.0,2021.0,2021.0,2021.0,2025.0,2022.0,2021.0,2024.0,2026.0,2026.0,2024.0,2024.0,2025.0,2024.0,2022.0,2021.0,2019.0,2023.0,2024.0,2020.0,2018.0,3110.0,3520.0,3498.0,3355.0,3476.0,3351.0,3173.0,3288.0,3263.0,3343.0,2963.0,3473.0,3459.0,3256.0,3437.0,3236.0,3440.0,3498.0,3401.0,53.180645129,0.019958435
1397.0,1986.0,2197.0,2029.0,2031.0,2030.0,2032.0,2031.0,2031.0,2033.0,2031.0,2028.0,2032.0,2029.0,2028.0,2026.0,2025.0,2023.0,2019.0,2020.0,2022.0,2027.0,2026.0,2023.0,2028.0,3109.0,3520.0,3498.0,3354.0,3477.0,3352.0,3173.0,3289.0,3262.0,3344.0,2964.0,3472.0,3459.0,3256.0,3437.0,3236.0,3441.0,3498.0,3400.0,53.200646787,0.019942879
1397.0,1988.0,2197.0,2032.0,2033.0,2028.0,2034.0,2030.0,2033.0,2032.0,2033.0,2032.0,2028.0,2033.0,2033.0,2033.0,2032.0,2035.0,2034.0,2033.0,2035.0,2035.0,2037.0,2033.0,2033.0,3110.0,3519.0,3498.0,3355.0,3477.0,3352.0,3173.0,3288.0,3262.0,3344.0,2964.0,3472.0,3458.0,3255.0,3438.0,3235.0,3441.0,3498.0,3401.0,53.220652596,0.019948385000000003
1397.0,1988.0,2197.0,2030.0,2030.0,2026.0,2025.0,2030.0,2027.0,2024.0,2023.0,2022.0,2023.0,2026.0,2025.0,2028.0,2029.0,2027.0,2026.0,2026.0,2025.0,2024.0,2026.0,2025.0,2021.0,3109.0,3520.0,3498.0,3355.0,3476.0,3352.0,3173.0,3289.0,3264.0,3344.0,2964.0,3472.0,3458.0,3255.0,3437.0,3236.0,3441.0,3498.0,3400.0,53.240649669,0.019923208
1397.0,1988.0,2196.0,2021.0,2023.0,2024.0,2026.0,2025.0,2026.0,2027.0,2028.0,2027.0,2027.0,2026.0,2028.0,2029.0,2029.0,2030.0,2031.0,2031.0,2029.0,2026.0,2028.0,2026.0,2024.0,3110.0,3519.0,3498.0,3355.0,3476.0,3352.0,3173.0,3288.0,3262.0,3344.0,2964.0,3472.0,3459.0,3256.0,3438.0,3236.0,3441.0,3497.0,3401.0,53.260647187000004,0.019925675
1397.0,1986.0,2196.0,2025.0,2028.0,2024.0,2020.0,2024.0,2023.0,2023.0,2023.0,2022.0,2023.0,2021.0,2021.0,2019.0,2018.0,2019.0,2016.0,2018.0,2014.0,2015.0,2024.0,2023.0,2022.0,3109.0,3520.0,3498.0,3355.0,3476.0,3352.0,3173.0,3288.0,3262.0,3344.0,2964.0,3473.0,3459.0,3256.0,3437.0,3236.0,3441.0,3498.0,3400.0,53.280648893,0.019958784
1397.0,1986.0,2196.0,2023.0,2020.0,2021.0,2021.0,2022.0,2025.0,2026.0,2023.0,2024.0,2027.0,2028.0,2027.0,2028.0,2025.0,2026.0,2029.0,2028.0,2029.0,2029.0,2028.0,2025.0,2021.0,3109.0,3519.0,3498.0,3354.0,3477.0,3352.0,3173.0,3289.0,3263.0,3344.0,2963.0,3473.0,3458.0,3255.0,3438.0,3236.0,3440.0,3498.0,3401.0,53.300649769,0.01994102
1398.0,1985.0,2196.0,2026.0,2027.0,2023.0,2023.0,2025.0,2021.0,2024.0,2022.0,2023.0,2020.0,2023.0,2021.0,2022.0,2019.0,2021.0,2021.0,2023.0,2023.0,2021.0,2025.0,2019.0,2018.0,3110.0,3519.0,3498.0,3354.0,3477.0,3352.0,3174.0,3288.0,3263.0,3344.0,2964.0,3473.0,3458.0,3256.0,3438.0,3237.0,3441.0,3497.0,3401.0,53.320650737,0.019930232000000003
1397.0,1985.0,2197.0,2029.0,2031.0,2027.0,2025.0,2025.0,2024.0,2027.0,2026.0,2026.0,2023.0,2029.0,2025.0,2024.0,2022.0,2029.0,2026.0,2024.0,2022.0,2026.0,2031.0,2027.0,2024.0,3110.0,3520.0,3498.0,3355.0,3476.0,3352.0,3172.0,3289.0,3262.0,3344.0,2963.0,3473.0,3459.0,3255.0,3438.0,3236.0,3442.0,3498.0,3401.0,53.340654142,0.019939157000000002
1397.0,1984.0,2196.0,2031.0,2032.0,2032.0,2025.0,2029.0,2025.0,2028.0,2028.0,2025.0,2026.0,2029.0,2030.0,2032.0,2033.0,2034.0,2035.0,2037.0,2032.0,2025.0,2031.0,2027.0,2022.0,3109.0,3519.0,3498.0,3355.0,3476.0,3353.0,3172.0,3288.0,3262.0,3344.0,2963.0,3472.0,3459.0,3256.0,3437.0,3237.0,3441.0,3498.0,3401.0,53.360648534,0.019916155
1397.0,1986.0,2197.0,2024.0,2025.0,2025.0,2024.0,2028.0,2030.0,2031.0,2035.0,2036.0,2040.0,2036.0,2038.0,2039.0,2038.0,2040.0,2038.0,2034.0,2038.0,2036.0,2033.0,2034.0,2030.0,3109.0,3520.0,3498.0,3355.0,3476.0,3351.0,3173.0,3289.0,3262.0,3344.0,2963.0,3472.0,3458.0,3256.0,3437.0,3236.0,3441.0,3498.0,3400.0,53.380649851,0.019963243000000002
1398.0,1985.0,2197.0,2021.0,2024.0,2021.0,2023.0,2021.0,2018.0,2018.0,2020.0,2018.0,2025.0,2020.0,2020.0,2017.0,2022.0,2023.0,2022.0,2026.0,2026.0,2027.0,2030.0,2026.0,2025.0,3109.0,3520.0,3498.0,3354.0,3476.0,3352.0,3173.0,3288.0,3262.0,3344.0,2964.0,3473.0,3459.0,3256.0,3438.0,3237.0,3441.0,3498.0,3401.0,53.400651043,0.01995249
1397.0,1986.0,2197.0,2031.0,2032.0,2029.0,2022.0,2023.0,2028.0,2024.0,2025.0,2028.0,2029.0,2028.0,2026.0,2022.0,2023.0,2023.0,2027.0,2029.0,2028.0,2029.0,2035.0,2031.0,2030.0,3109.0,3520.0,3498.0,3355.0,3476.0,3352.0,3173.0,3288.0,3262.0,3345.0,2964.0,3472.0,3459.0,3255.0,3438.0,3235.0,3441.0,3498.0,3401.0,53.420650163,0.019929417
1397.0,1988.0,2197.0,2027.0,2025.0,2028.0,2028.0,2031.0,2032.0,2031.0,2028.0,2025.0,2027.0,2028.0,2027.0,2023.0,2021.0,2023.0,2025.0,2023.0,2027.0,2022.0,2026.0,2023.0,2024.0,3109.0,3519.0,3498.0,3355.0,3476.0,3352.0,3174.0,3288.0,3263.0,3344.0,2964.0,3472.0,3459.0,3256.0,3437.0,3236.0,3441.0,3499.0,3399.0,53.440647974,0.019935627
1396.0,1988.0,2197.0,2026.0,2028.0,2025.0,2022.0,2019.0,2022.0,2024.0,2023.0,2021.0,2018.0,2018.0,2019.0,2018.0,2020.0,2021.0,2020.0,2021.0,2017.0,2020.0,2021.0,2021.0,2019.0,3108.0,3520.0,3498.0,3355.0,3477.0,3352.0,3173.0,3289.0,3261.0,3344.0,2964.0,3472.0,3458.0,3256.0,3438.0,3237.0,3441.0,3497.0,3400.0,53.460648593,0.019962243
1397.0,1986.0,2197.0,2020.0,2024.0,2026.0,2026.0,2022.0,2025.0,2028.0,2029.0,2031.0,2030.0,2025.0,2022.0,2028.0,2029.0,2030.0,2031.0,2031.0,2031.0,2030.0,2028.0,2027.0,2027.0,3109.0,3519.0,3498.0,3354.0,3476.0,3351.0,3173.0,3289.0,3262.0,3344.0,2964.0,3473.0,3458.0,3255.0,3438.0,3236.0,3442.0,3498.0,3401.0,53.480650133,0.019961372
1397.0,1986.0,2197.0,2031.0,2031.0,2032.0,2031.0,2033.0,2031.0,2030.0,2028.0,2027.0,2028.0,2026.0,2025.0,2025.0,2028.0,2029.0,2024.0,2029.0,2033.0,2035.0,2037.0,2034.0,2035.0,3109.0,3520.0,3498.0,3354.0,3477.0,3351.0,3173.0,3289.0,3262.0,3344.0,2963.0,3473.0,3459.0,3255.0,3438.0,3235.0,3441.0,3499.0,3400.0,53.500656566,0.019947163
1397.0,1987.0,2196.0,2032.0,2032.0,2029.0,2031.0,2033.0,2030.0,2029.0,2029.0,2035.0,2033.0,2032.0,2036.0,2037.0,2030.0,2032.0,2034.0,2031.0,2027.0,2027.0,2027.0,2021.0,2023.0,3109.0,3520.0,3497.0,3354.0,3476.0,3351.0,3172.0,3288.0,3262.0,3345.0,2964.0,3473.0,3459.0,3255.0,3438.0,3237.0,3441.0,3498.0,3401.0,53.520653198,0.019913582000000003
1397.0,1987.0,2196.0,2021.0,2019.0,2021.0,2019.0,2021.0,2020.0,2021.0,2020.0,2024.0,2027.0,2029.0,2026.0,2027.0,2029.0,2031.0,2029.0,2030.0,2032.0,2031.0,2034.0,2030.0,2031.0,3109.0,3519.0,3498.0,3355.0,3476.0,3352.0,3173.0,3289.0,3262.0,3344.0,2964.0,3473.0,3459.0,3256.0,3438.0,3237.0,3440.0,3497.0,3400.0,53.540653476,0.019935902000000002
1398.0,1987.0,2197.0,2021.0,2021.0,2021.0,2023.0,2024.0,2019.0,2021.0,2020.0,2018.0,2019.0,2022.0,2023.0,2023.0,2023.0,2027.0,2021.0,2018.0,2019.0,2021.0,2025.0,2024.0,2023.0,3109.0,3519.0,3498.0,3354.0,3477.0,3352.0,3174.0,3288.0,3263.0,3345.0,2964.0,3473.0,3459.0,3255.0,3437.0,3236.0,3441.0,3498.0,3400.0,53.560649846,0.019928499000000002
1397.0,1987.0,2197.0,2037.0,2038.0,2038.0,2037.0,2036.0,2036.0,2036.0,2039.0,2036.0,2037.0,2037.0,2038.0,2043.0,2038.0,2041.0,2042.0,2042.0,2042.0,2041.0,2040.0,2040.0,2041.0,3109.0,3519.0,3498.0,3355.0,3476.0,3351.0,3173.0,3289.0,3263.0,3344.0,2964.0,3473.0,3459.0,3255.0,3437.0,3236.0,3441.0,3497.0,3401.0,53.580650786,0.019960192
1398.0,1987.0,2197.0,2040.0,2039.0,2033.0,2035.0,2037.0,2039.0,2037.0,2037.0,2034.0,2036.0,2036.0,2034.0,2035.0,2033.0,2034.0,2033.0,2032.0,2031.0,2029.0,2031.0,2030.0,2031.0,3109.0,3520.0,3498.0,3355.0,3476.0,3352.0,3172.0,3289.0,3262.0,3344.0,2963.0,3473.0,3458.0,3255.0,3438.0,3236.0,3441.0,3498.0,3401.0,53.600652434,0.019945476
1398.0,1986.0,2197.0,2031.0,2029.0,2029.0,2031.0,2029.0,2025.0,2028.0,2028.0,2028.0,2029.0,2025.0,2028.0,2027.0,2029.0,2029.0,2027.0,2028.0,2025.0,2025.0,2030.0,2026.0,2024.0,3109.0,3520.0,3497.0,3354.0,3476.0,3352.0,3173.0,3289.0,3262.0,3344.0,2964.0,3472.0,3459.0,3255.0,3438.0,3237.0,3440.0,3499.0,3399.0,53.620650148,0.019931682000000003
1397.0,1987.0,2196.0,2024.0,2021.0,2021.0,2021.0,2022.0,2018.0,2017.0,2020.0,2018.0,2017.0,2017.0,2012.0,2014.0,2019.0,2016.0,2019.0,2021.0,2022.0,2022.0,2023.0,2017.0,2017.0,3109.0,3519.0,3498.0,3355.0,3476.0,3353.0,3173.0,3289.0,3263.0,3344.0,2964.0,3473.0,3458.0,3255.0,3439.0,3236.0,3441.0,3497.0,3400.0,53.640657991,0.019976831
1397.0,1987.0,2197.0,2031.0,2031.0,2027.0,2027.0,2028.0,2030.0,2030.0,2030.0,2033.0,2029.0,2031.0,2026.0,2029.0,2029.0,2025.0,2028.0,2024.0,2029.0,2027.0,2031.0,2028.0,2032.0,3109.0,3520.0,3497.0,3355.0,3477.0,3352.0,3173.0,3289.0,3263.0,3344.0,2963.0,3472.0,3459.0,3256.0,3438.0,3235.0,3442.0,3499.0,3400.0,53.660653442,0.019917437
1398.0,1987.0,2196.0,2029.0,2025.0,2029.0,2031.0,2028.0,2030.0,2032.0,2025.0,2026.0,2027.0,2030.0,2030.0,2027.0,2030.0,2029.0,2030.0,2031.0,2025.0,2025.0,2027.0,2023.0,2025.0,3109.0,3520.0,3497.0,3355.0,3476.0,3352.0,3173.0,3288.0,3263.0,3344.0,2963.0,3472.0,3459.0,3256.0,3438.0,3237.0,3441.0,3497.0,3400.0,53.680652028,0.019927267000000002
1397.0,1989.0,2196.0,2034.0,2032.0,2031.0,2032.0,2032.0,2035.0,2035.0,2033.0,2029.0,2028.0,2028.0,2028.0,2026.0,2026.0,2027.0,2026.0,2031.0,2031.0,2028.0,2032.0,2026.0,2026.0,3109.0,3519.0,3498.0,3355.0,3477.0,3352.0,3173.0,3289.0,3263.0,3344.0,2963.0,3473.0,3459.0,3256.0,3439.0,3237.0,3442.0,3497.0,3401.0,53.700655492,0.019950599000000003
1397.0,1986.0,2196.0,2021.0,2021.0,2023.0,2024.0,2029.0,2025.0,2023.0,2020.0,2021.0,2019.0,2017.0,2015.0,2015.0,2016.0,2014.0,2017.0,2015.0,2017.0,2015.0,2019.0,2014.0,2010.0,3109.0,3519.0,3497.0,3355.0,3476.0,3353.0,3174.0,3288.0,3262.0,3344.0,2964.0,3473.0,3459.0,3255.0,3438.0,3236.0,3441.0,3498.0,3400.0,53.720652643,0.019927413
1398.0,1988.0,2197.0,2015.0,2014.0,2014.0,2017.0,2018.0,2015.0,2011.0,2012.0,2018.0,2024.0,2019.0,2018.0,2020.0,2019.0,2021.0,2018.0,2018.0,2020.0,2021.0,2028.0,2027.0,2024.0,3110.0,3519.0,3498.0,3354.0,3476.0,3352.0,3173.0,3288.0,3263.0,3345.0,2964.0,3473.0,3459.0,3256.0,3438.0,3237.0,3441.0,3497.0,3400.0,53.740656983,0.019970293
1397.0,1987.0,2196.0,2029.0,2029.0,2029.0,2030.0,2033.0,2033.0,2032.0,2034.0,2034.0,2038.0,2039.0,2033.0,2030.0,2031.0,2029.0,2027.0,2023.0,2029.0,2031.0,2032.0,2032.0,2033.0,3109.0,3520.0,3499.0,3354.0,3477.0,3351.0,3173.0,3288.0,3263.0,3344.0,2964.0,3472.0,3460.0,3255.0,3437.0,3236.0,3441.0,3498.0,3401.0,53.760657214,0.019931658
1398.0,1985.0,2196.0,2026.0,2031.0,2030.0,2030.0,2031.0,2027.0,2029.0,2025.0,2029.0,2029.0,2028.0,2025.0,2025.0,2027.0,2028.0,2028.0,2023.0,2025.0,2027.0,2025.0,2024.0,2027.0,3109.0,3520.0,3498.0,3355.0,3477.0,3352.0,3172.0,3288.0,3263.0,3344.0,2964.0,3472.0,3459.0,3255.0,3439.0,3236.0,3441.0,3497.0,3400.0,53.780652558,0.019953455000000002
1397.0,1985.0,2197.0,2026.0,2024.0,2024.0,2027.0,2024.0,2021.0,2019.0,2018.0,2021.0,2021.0,2023.0,2019.0,2019.0,2020.0,2019.0,2015.0,2018.0,2020.0,2017.0,2024.0,2020.0,2014.0,3109.0,3520.0,3498.0,3355.0,3477.0,3352.0,3173.0,3289.0,3263.0,3344.0,2963.0,3472.0,3459.0,3256.0,3438.0,3237.0,3441.0,3498.0,3401.0,53.800659192,0.019967003
1397.0,1986.0,2197.0,2026.0,2025.0,2028.0,2023.0,2025.0,2027.0,2023.0,2025.0,2024.0,2028.0,2030.0,2025.0,2025.0,2025.0,2026.0,2027.0,2024.0,2024.0,2026.0,2028.0,2029.0,2030.0,3109.0,3520.0,3498.0,3354.0,3477.0,3352.0,3173.0,3289.0,3263.0,3344.0,2965.0,3472.0,3459.0,3256.0,3438.0,3237.0,3441.0,3498.0,3400.0,53.820653641,0.019915458
1397.0,1984.0,2197.0,2020.0,2020.0,2021.0,2025.0,2025.0,2021.0,2019.0,2023.0,2027.0,2027.0,2024.0,2021.0,2022.0,2022.0,2021.0,2021.0,2021.0,2025.0,2027.0,2026.0,2023.0,2020.0,3109.0,3519.0,3499.0,3354.0,3476.0,3352.0,3173.0,3288.0,3262.0,3345.0,2964.0,3472.0,3459.0,3256.0,3438.0,3237.0,3441.0,3497.0,3401.0,53.840660328,0.019969522
1397.0,1985.0,2197.0,2023.0,2024.0,2022.0,2027.0,2029.0,2029.0,2027.0,2029.0,2032.0,2031.0,2026.0,2026.0,2027.0,2023.0,2024.0,2022.0,2026.0,2024.0,2021.0,2023.0,2018.0,2018.0,3109.0,3520.0,3498.0,3355.0,3476.0,3352.0,3174.0,3289.0,3262.0,3345.0,2964.0,3473.0,3459.0,3255.0,3438.0,3236.0,3441.0,3497.0,3400.0,53.86065494,0.019919477
1397.0,1983.0,2197.0,2024.0,2021.0,2022.0,2024.0,2023.0,2022.0,2022.0,2023.0,2024.0,2029.0,2027.0,2025.0,2028.0,2030.0,2031.0,2027.0,2024.0,2028.0,2028.0,2031.0,2031.0,2030.0,3109.0,3519.0,3498.0,3354.0,3476.0,3352.0,3173.0,3288.0,3263.0,3344.0,2964.0,3472.0,3458.0,3256.0,3437.0,3236.0,3441.0,3499.0,3400.0,53.880654483,0.019926899
1398.0,1985.0,2196.0,2037.0,2040.0,2045.0,2044.0,2048.0,2044.0,2044.0,2045.0,2048.0,2045.0,2045.0,2043.0,2042.0,2043.0,2043.0,2042.0,2042.0,2041.0,2037.0,2040.0,2038.0,2034.0,3110.0,3520.0,3499.0,3355.0,3476.0,3351.0,3173.0,3290.0,3262.0,3344.0,2964.0,3473.0,3459.0,3256.0,3437.0,3236.0,3441.0,3498.0,3401.0,53.90065772,0.019952528
1398.0,1983.0,2197.0,2036.0,2034.0,2033.0,2031.0,2032.0,2031.0,2030.0,2033.0,2029.0,2032.0,2031.0,2025.0,2030.0,2030.0,2029.0,2028.0,2031.0,2032.0,2030.0,2032.0,2028.0,2026.0,3110.0,3520.0,3497.0,3355.0,3476.0,3352.0,3173.0,3288.0,3263.0,3344.0,2963.0,3473.0,3459.0,3255.0,3437.0,3236.0,3441.0,3498.0,3401.0,53.920655004,0.019926807
1398.0,1986.0,2197.0,2015.0,2017.0,2017.0,2015.0,2017.0,2021.0,2019.0,2019.0,2017.0,2016.0,2016.0,2019.0,2022.0,2025.0,2021.0,2023.0,2024.0,2024.0,2019.0,2018.0,2020.0,2020.0,3110.0,3519.0,3498.0,3355.0,3476.0,3351.0,3173.0,3289.0,3263.0,3345.0,2964.0,3473.0,3459.0,3255.0,3437.0,3236.0,3441.0,3498.0,3401.0,53.940658303,0.019964665000000003
1398.0,1984.0,2197.0,2018.0,2021.0,2024.0,2021.0,2023.0,2027.0,2027.0,2023.0,2021.0,2026.0,2025.0,2029.0,2028.0,2026.0,2023.0,2025.0,2024.0,2023.0,2028.0,2032.0,2029.0,2027.0,3109.0,3520.0,3499.0,3355.0,3476.0,3352.0,3173.0,3289.0,3262.0,3344.0,2963.0,3473.0,3459.0,3255.0,3438.0,3236.0,3441.0,3499.0,3401.0,53.960658639,0.019933444
1397.0,1984.0,2197.0,2033.0,2031.0,2030.0,2028.0,2023.0,2024.0,2025.0,2021.0,2020.0,2015.0,2014.0,2010.0,2013.0,2011.0,2011.0,2014.0,2014.0,2015.0,2018.0,2022.0,2021.0,2024.0,3109.0,3520.0,3498.0,3355.0,3476.0,3352.0,3173.0,3289.0,3263.0,3344.0,2964.0,3473.0,3458.0,3256.0,3437.0,3236.0,3441.0,3499.0,3400.0,53.980655612,0.019925769000000003
1398.0,1984.0,2197.0,2018.0,2020.0,2020.0,2020.0,2016.0,2023.0,2022.0,2025.0,2026.0,2027.0,2029.0,2032.0,2024.0,2021.0,2023.0,2027.0,2025.0,2025.0,2022.0,2026.0,2022.0,2023.0,3110.0,3519.0,3498.0,3355.0,3477.0,3353.0,3173.0,3289.0,3263.0,3344.0,2964.0,3472.0,3458.0,3255.0,3438.0,3236.0,3441.0,3497.0,3401.0,54.000657783,0.019943256000000003
1398.0,1984.0,2197.0,2027.0,2029.0,2030.0,2028.0,2028.0,2031.0,2029.0,2025.0,2025.0,2028.0,2029.0,2029.0,2033.0,2034.0,2034.0,2029.0,2030.0,2031.0,2032.0,2034.0,2032.0,2034.0,3110.0,3519.0,3498.0,3355.0,3476.0,3352.0,3172.0,3289.0,3262.0,3344.0,2964.0,3474.0,3458.0,3256.0,3437.0,3236.0,3441.0,3498.0,3401.0,54.02065895,0.019935897
1397.0,1986.0,2197.0,2018.0,2017.0,2019.0,2021.0,2021.0,2018.0,2018.0,2021.0,2019.0,2018.0,2019.0,2018.0,2019.0,2019.0,2018.0,2018.0,2017.0,2014.0,2015.0,2018.0,2015.0,2015.0,3110.0,3520.0,3498.0,3354.0,3476.0,3352.0,3173.0,3289.0,3263.0,3345.0,2964.0,3473.0,3459.0,3256.0,3438.0,3236.0,3440.0,3498.0,3400.0,54.040657407,0.019929944
1398.0,1984.0,2197.0,2023.0,2025.0,2026.0,2026.0,2021.0,2022.0,2026.0,2028.0,2026.0,2025.0,2026.0,2027.0,2029.0,2026.0,2024.0,2027.0,2029.0,2028.0,2030.0,2029.0,2025.0,2022.0,3109.0,3520.0,3499.0,3354.0,3477.0,3352.0,3173.0,3288.0,3262.0,3346.0,2964.0,3472.0,3459.0,3255.0,3437.0,3237.0,3441.0,3499.0,3401.0,54.060656109,0.019939566000000002
1397.0,1986.0,2197.0,2020.0,2022.0,2026.0,2027.0,2025.0,2025.0,2026.0,2023.0,2022.0,2021.0,2020.0,2021.0,2025.0,2018.0,2020.0,2015.0,2014.0,2015.0,2016.0,2022.0,2018.0,2016.0,3109.0,3519.0,3498.0,3354.0,3476.0,3352.0,3173.0,3288.0,3263.0,3345.0,2964.0,3473.0,3458.0,3256.0,3438.0,3237.0,3441.0,3498.0,3401.0,54.080656901,0.01995879
1398.0,1986.0,2198.0,2022.0,2021.0,2025.0,2027.0,2025.0,2026.0,2025.0,2028.0,2028.0,2031.0,2030.0,2031.0,2034.0,2031.0,2033.0,2031.0,2032.0,2027.0,2022.0,2027.0,2026.0,2024.0,3109.0,3520.0,3499.0,3355.0,3477.0,3352.0,3173.0,3289.0,3262.0,3345.0,2963.0,3472.0,3459.0,3256.0,3438.0,3236.0,3441.0,3498.0,3401.0,54.100660577,0.019924171
1397.0,1985.0,2197.0,2030.0,2030.0,2027.0,2027.0,2023.0,2025.0,2027.0,2026.0,2027.0,2025.0,2020.0,2023.0,2022.0,2024.0,2025.0,2025.0,2024.0,2023.0,2030.0,2026.0,2021.0,2026.0,3109.0,3520.0,3498.0,3355.0,3477.0,3352.0,3174.0,3288.0,3263.0,3344.0,2963.0,3472.0,3459.0,3256.0,3438.0,3237.0,3440.0,3498.0,3400.0,54.12065739,0.019918032000000002
1398.0,1987.0,2197.0,2028.0,2025.0,2026.0,2023.0,2029.0,2035.0,2037.0,2034.0,2032.0,2035.0,2038.0,2034.0,2034.0,2035.0,2042.0,2039.0,2038.0,2031.0,2035.0,2029.0,2029.0,2030.0,3109.0,3520.0,3497.0,3355.0,3476.0,3352.0,3173.0,3289.0,3263.0,3344.0,2964.0,3472.0,3459.0,3256.0,3437.0,3236.0,3440.0,3498.0,3401.0,54.14065873,0.019957466
1397.0,1986.0,2197.0,2034.0,2030.0,2030.0,2032.0,2033.0,2029.0,2029.0,2029.0,2027.0,2030.0,2028.0,2030.0,2026.0,2025.0,2030.0,2029.0,2028.0,2029.0,2032.0,2033.0,2029.0,2031.0,3109.0,3520.0,3498.0,3355.0,3476.0,3352.0,3173.0,3288.0,3263.0,3344.0,2964.0,3473.0,3459.0,3256.0,3437.0,3236.0,3441.0,3498.0,3402.0,54.160660985,0.019938405000000003
1397.0,1987.0,2197.0,2023.0,2027.0,2024.0,2023.0,2023.0,2018.0,2019.0,2015.0,2013.0,2010.0,2011.0,2009.0,2009.0,2008.0,2010.0,2005.0,2012.0,2016.0,2019.0,2028.0,2021.0,2026.0,3110.0,3520.0,3498.0,3354.0,3476.0,3352.0,3174.0,3289.0,3262.0,3345.0,2964.0,3473.0,3460.0,3256.0,3438.0,3236.0,3441.0,3497.0,3401.0,54.180657227,0.019927814000000002
1397.0,1990.0,2197.0,2023.0,2023.0,2026.0,2026.0,2024.0,2025.0,2027.0,2020.0,2020.0,2018.0,2017.0,2020.0,2016.0,2016.0,2019.0,2020.0,2018.0,2018.0,2019.0,2027.0,2023.0,2023.0,3110.0,3519.0,3497.0,3354.0,3476.0,3352.0,3173.0,3289.0,3263.0,3344.0,2964.0,3473.0,3458.0,3256.0,3437.0,3237.0,3441.0,3499.0,3401.0,54.200660434,0.019949768
1398.0,1988.0,2197.0,2029.0,2034.0,2028.0,2033.0,2030.0,2033.0,2037.0,2034.0,2037.0,2040.0,2040.0,2034.0,2035.0,2036.0,2032.0,2030.0,2028.0,2030.0,2033.0,2036.0,2034.0,2037.0,3110.0,3520.0,3498.0,3355.0,3476.0,3352.0,3173.0,3289.0,3264.0,3345.0,2965.0,3473.0,3458.0,3256.0,3438.0,3237.0,3441.0,3499.0,3401.0,54.220657908,0.019922732000000002
1397.0,1991.0,2197.0,2044.0,2046.0,2048.0,2046.0,2043.0,2042.0,2040.0,2038.0,2044.0,2044.0,2044.0,2042.0,2043.0,2040.0,2041.0,2039.0,2035.0,2041.0,2043.0,2038.0,2035.0,2035.0,3109.0,3520.0,3498.0,3355.0,3477.0,3352.0,3173.0,3290.0,3263.0,3344.0,2964.0,3473.0,3459.0,3255.0,3438.0,3236.0,3441.0,3498.0,3401.0,54.240665195,0.01996563
1398.0,1989.0,2197.0,2021.0,2025.0,2027.0,2027.0,2029.0,2028.0,2025.0,2025.0,2023.0,2018.0,2020.0,2018.0,2019.0,2020.0,2021.0,2020.0,2018.0,2021.0,2022.0,2026.0,2019.0,2021.0,3110.0,3520.0,3498.0,3355.0,3476.0,3352.0,3173.0,3289.0,3263.0,3344.0,2964.0,3471.0,3459.0,3255.0,3438.0,3236.0,3441.0,3499.0,3400.0,54.260662121,0.019914745
1397.0,1990.0,2197.0,2024.0,2021.0,2021.0,2020.0,2019.0,2020.0,2020.0,2021.0,2021.0,2019.0,2020.0,2024.0,2019.0,2021.0,2025.0,2028.0,2030.0,2029.0,2025.0,2028.0,2025.0,2025.0,3110.0,3520.0,3499.0,3355.0,3476.0,3352.0,3172.0,3289.0,3263.0,3344.0,2963.0,3473.0,3459.0,3256.0,3438.0,3237.0,3441.0,3497.0,3401.0,54.280659375,0.019927435
1398.0,1988.0,2197.0,2024.0,2025.0,2029.0,2030.0,2027.0,2031.0,2030.0,2033.0,2036.0,2035.0,2032.0,2030.0,2032.0,2031.0,2031.0,2031.0,2030.0,2030.0,2023.0,2026.0,2025.0,2026.0,3109.0,3519.0,3497.0,3355.0,3477.0,3352.0,3173.0,3289.0,3262.0,3345.0,2963.0,3473.0,3459.0,3256.0,3439.0,3237.0,3441.0,3498.0,3400.0,54.300662091,0.019954439
1398.0,1989.0,2197.0,2024.0,2024.0,2025.0,2026.0,2022.0,2025.0,2024.0,2025.0,2024.0,2021.0,2025.0,2019.0,2021.0,2023.0,2029.0,2024.0,2023.0,2026.0,2023.0,2026.0,2020.0,2023.0,3109.0,3520.0,3498.0,3354.0,3476.0,3352.0,3173.0,3289.0,3263.0,3344.0,2964.0,3473.0,3458.0,3256.0,3438.0,3237.0,3441.0,3498.0,3401.0,54.320660825,0.019930412
1398.0,1990.0,2197.0,2020.0,2017.0,2018.0,2019.0,2019.0,2020.0,2020.0,2021.0,2020.0,2019.0,2022.0,2018.0,2017.0,2021.0,2020.0,2020.0,2021.0,2018.0,2021.0,2023.0,2019.0,2020.0,3109.0,3520.0,3498.0,3355.0,3475.0,3352.0,3173.0,3289.0,3262.0,3344.0,2964.0,3472.0,3459.0,3256.0,3438.0,3236.0,3442.0,3498.0,3401.0,54.340661547,0.019931185
1398.0,1988.0,2197.0,2032.0,2033.0,2033.0,2034.0,2033.0,2036.0,2034.0,2037.0,2038.0,2038.0,2039.0,2040.0,2038.0,2036.0,2035.0,2034.0,2033.0,2032.0,2030.0,2035.0,2031.0,2029.0,3110.0,3519.0,3498.0,3355.0,3476.0,3353.0,3174.0,3289.0,3263.0,3345.0,2963.0,3472.0,3459.0,3255.0,3437.0,3236.0,3441.0,3498.0,3401.0,54.360661825,0.019939420000000003
1398.0,1986.0,2197.0,2030.0,2031.0,2028.0,2032.0,2031.0,2035.0,2032.0,2032.0,2034.0,2031.0,2031.0,2032.0,2029.0,2031.0,2032.0,2031.0,2033.0,2035.0,2035.0,2037.0,2036.0,2037.0,3110.0,3520.0,3498.0,3355.0,3475.0,3351.0,3173.0,3289.0,3263.0,3345.0,2963.0,3473.0,3459.0,3255.0,3438.0,3237.0,3442.0,3498.0,3400.0,54.380662548,0.019933941
1398.0,1987.0,2197.0,2027.0,2026.0,2025.0,2023.0,2027.0,2022.0,2023.0,2020.0,2023.0,2024.0,2027.0,2027.0,2024.0,2025.0,2022.0,2023.0,2025.0,2026.0,2025.0,2024.0,2022.0,2022.0,3110.0,3519.0,3498.0,3354.0,3476.0,3352.0,3173.0,3289.0,3264.0,3344.0,2963.0,3472.0,3459.0,3255.0,3438.0,3236.0,3441.0,3499.0,3400.0,54.400662449,0.019946119000000002
1397.0,1987.0,2197.0,2014.0,2010.0,2013.0,2012.0,2015.0,2015.0,2017.0,2020.0,2019.0,2021.0,2019.0,2015.0,2015.0,2016.0,2015.0,2015.0,2011.0,2013.0,2014.0,2011.0,2007.0,2013.0,3110.0,3519.0,3499.0,3355.0,3476.0,3352.0,3173.0,3289.0,3262.0,3345.0,2964.0,3472.0,3459.0,3255.0,3438.0,3236.0,3441.0,3499.0,3401.0,54.420661305,0.019931172
1398.0,1987.0,2197.0,2021.0,2023.0,2022.0,2022.0,2023.0,2021.0,2021.0,2021.0,2022.0,2020.0,2021.0,2023.0,2021.0,2021.0,2019.0,2020.0,2018.0,2024.0,2023.0,2026.0,2023.0,2021.0,3109.0,3520.0,3498.0,3355.0,3476.0,3351.0,3173.0,3289.0,3263.0,3345.0,2965.0,3472.0,3459.0,3256.0,3438.0,3237.0,3441.0,3498.0,3401.0,54.440667601,0.019964224000000003
1398.0,1986.0,2198.0,2031.0,2029.0,2024.0,2030.0,2035.0,2034.0,2034.0,2030.0,2033.0,2033.0,2032.0,2030.0,2031.0,2033.0,2029.0,2028.0,2029.0,2030.0,2028.0,2029.0,2030.0,2028.0,3109.0,3519.0,3498.0,3354.0,3477.0,3352.0,3173.0,3289.0,3262.0,3345.0,2964.0,3473.0,3459.0,3256.0,3437.0,3237.0,3441.0,3499.0,3401.0,54.460660754,0.019918052000000002
1398.0,1987.0,2197.0,2030.0,2030.0,2031.0,2034.0,2032.0,2027.0,2027.0,2025.0,2025.0,2026.0,2021.0,2020.0,2020.0,2022.0,2024.0,2027.0,2027.0,2029.0,2026.0,2031.0,2029.0,2029.0,3109.0,3519.0,3498.0,3356.0,3476.0,3352.0,3173.0,3288.0,3263.0,3344.0,2964.0,3473.0,3459.0,3255.0,3437.0,3237.0,3441.0,3498.0,3401.0,54.480662284,0.019962030000000002
1398.0,1987.0,2197.0,2036.0,2037.0,2038.0,2034.0,2036.0,2041.0,2041.0,2043.0,2041.0,2041.0,2039.0,2039.0,2041.0,2043.0,2040.0,2038.0,2038.0,2037.0,2038.0,2038.0,2035.0,2032.0,3110.0,3520.0,3498.0,3355.0,3476.0,3352.0,3173.0,3289.0,3263.0,3344.0,2964.0,3473.0,3459.0,3256.0,3437.0,3236.0,3441.0,3498.0,3401.0,54.500664144,0.019956673
1398.0,1985.0,2197.0,2032.0,2029.0,2024.0,2027.0,2029.0,2031.0,2030.0,2027.0,2031.0,2027.0,2027.0,2027.0,2030.0,2026.0,2022.0,2026.0,2028.0,2023.0,2025.0,2021.0,2021.0,2020.0,3110.0,3520.0,3498.0,3355.0,3476.0,3352.0,3174.0,3290.0,3263.0,3346.0,2964.0,3472.0,3459.0,3256.0,3438.0,3237.0,3441.0,3498.0,3400.0,54.520663458,0.019932105000000002
1398.0,1985.0,2197.0,2016.0,2015.0,2015.0,2015.0,2016.0,2017.0,2013.0,2020.0,2019.0,2022.0,2020.0,2019.0,2024.0,2027.0,2032.0,2025.0,2022.0,2027.0,2026.0,2033.0,2028.0,2029.0,3110.0,3520.0,3498.0,3355.0,3476.0,3352.0,3173.0,3289.0,3263.0,3345.0,2963.0,3472.0,3460.0,3256.0,3437.0,3236.0,3442.0,3498.0,3400.0,54.540668719,0.019939941000000003
1398.0,1987.0,2197.0,2025.0,2021.0,2025.0,2028.0,2030.0,2028.0,2028.0,2026.0,2029.0,2031.0,2028.0,2029.0,2032.0,2032.0,2034.0,2032.0,2030.0,2031.0,2032.0,2035.0,2026.0,2025.0,3110.0,3519.0,3500.0,3355.0,3477.0,3352.0,3173.0,3289.0,3263.0,3344.0,2964.0,3473.0,3458.0,3255.0,3437.0,3236.0,3441.0,3498.0,3401.0,54.560666063,0.019922747
1398.0,1987.0,2197.0,2022.0,2021.0,2027.0,2025.0,2028.0,2025.0,2026.0,2025.0,2028.0,2023.0,2026.0,2025.0,2028.0,2028.0,2028.0,2027.0,2026.0,2029.0,2026.0,2025.0,2025.0,2022.0,3109.0,3520.0,3497.0,3355.0,3477.0,3352.0,3173.0,3289.0,3262.0,3345.0,2963.0,3473.0,3460.0,3257.0,3438.0,3237.0,3441.0,3498.0,3401.0,54.580662769,0.019926815
1398.0,1985.0,2197.0,2030.0,2031.0,2030.0,2027.0,2024.0,2025.0,2025.0,2023.0,2023.0,2024.0,2030.0,2029.0,2028.0,2025.0,2028.0,2029.0,2029.0,2028.0,2025.0,2025.0,2024.0,2022.0,3109.0,3520.0,3499.0,3354.0,3476.0,3352.0,3173.0,3288.0,3262.0,3345.0,2964.0,3472.0,3459.0,3255.0,3438.0,3237.0,3442.0,3498.0,3401.0,54.600665119,0.019934993
1398.0,1986.0,2197.0,2022.0,2025.0,2026.0,2029.0,2028.0,2027.0,2026.0,2026.0,2024.0,2025.0,2027.0,2029.0,2030.0,2029.0,2028.0,2027.0,2025.0,2024.0,2022.0,2026.0,2021.0,2022.0,3109.0,3519.0,3498.0,3355.0,3477.0,3352.0,3173.0,3289.0,3263.0,3344.0,2964.0,3473.0,3459.0,3256.0,3438.0,3236.0,3441.0,3498.0,3401.0,54.62066988,0.019939862000000003
1398.0,1988.0,2197.0,2023.0,2018.0,2017.0,2021.0,2022.0,2019.0,2016.0,2022.0,2020.0,2019.0,2018.0,2016.0,2021.0,2020.0,2021.0,2023.0,2016.0,2014.0,2015.0,2016.0,2015.0,2011.0,3109.0,3520.0,3498.0,3354.0,3476.0,3352.0,3173.0,3289.0,3263.0,3344.0,2963.0,3473.0,3459.0,3255.0,3437.0,3236.0,3441.0,3498.0,3401.0,54.640666783,0.019916431000000002
1398.0,1989.0,2198.0,2023.0,2024.0,2026.0,2025.0,2025.0,2024.0,2020.0,2020.0,2023.0,2029.0,2025.0,2028.0,2028.0,2028.0,2030.0,2029.0,2030.0,2032.0,2030.0,2027.0,2026.0,2025.0,3110.0,3520.0,3497.0,3355.0,3476.0,3353.0,3173.0,3289.0,3262.0,3344.0,2963.0,3473.0,3459.0,3255.0,3438.0,3236.0,3441.0,3497.0,3401.0,54.660667151,0.019935869000000002
1398.0,1985.0,2198.0,2031.0,2038.0,2034.0,2033.0,2032.0,2030.0,2026.0,2026.0,2027.0,2029.0,2023.0,2027.0,2027.0,2026.0,2023.0,2021.0,2023.0,2021.0,2020.0,2023.0,2022.0,2021.0,3110.0,3520.0,3499.0,3355.0,3476.0,3351.0,3173.0,3289.0,3264.0,3345.0,2964.0,3473.0,3459.0,3255.0,3438.0,3236.0,3441.0,3498.0,3401.0,54.680664167,0.019928170000000002
1398.0,1986.0,2198.0,2028.0,2022.0,2021.0,2024.0,2022.0,2016.0,2021.0,2027.0,2024.0,2023.0,2025.0,2027.0,2029.0,2029.0,2028.0,2028.0,2028.0,2029.0,2023.0,2025.0,2019.0,2027.0,3110.0,3519.0,3499.0,3354.0,3476.0,3353.0,3173.0,3289.0,3262.0,3344.0,2963.0,3473.0,3459.0,3255.0,3438.0,3236.0,3441.0,3499.0,3401.0,54.700666284,0.019943166000000002
1398.0,1987.0,2198.0,2022.0,2021.0,2023.0,2020.0,2024.0,2027.0,2026.0,2021.0,2020.0,2018.0,2022.0,2022.0,2024.0,2025.0,2025.0,2021.0,2024.0,2024.0,2027.0,2027.0,2019.0,2019.0,3110.0,3520.0,3499.0,3354.0,3477.0,3352.0,3173.0,3289.0,3264.0,3345.0,2963.0,3472.0,3460.0,3255.0,3438.0,3236.0,3442.0,3498.0,3401.0,54.720663723,0.019931599
1398.0,1985.0,2198.0,2024.0,2026.0,2024.0,2019.0,2023.0,2029.0,2028.0,2029.0,2032.0,2027.0,2029.0,2028.0,2027.0,2028.0,2026.0,2024.0,2027.0,2026.0,2027.0,2029.0,2026.0,2023.0,3109.0,3520.0,3499.0,3354.0,3475.0,3352.0,3173.0,3289.0,3262.0,3346.0,2964.0,3473.0,3459.0,3256.0,3438.0,3236.0,3441.0,3498.0,3401.0,54.740670306,0.019968241
1398.0,1985.0,2197.0,2025.0,2028.0,2026.0,2027.0,2025.0,2027.0,2026.0,2026.0,2027.0,2025.0,2025.0,2028.0,2032.0,2032.0,2031.0,2029.0,2027.0,2024.0,2025.0,2028.0,2027.0,2026.0,3110.0,3520.0,3499.0,3355.0,3476.0,3352.0,3173.0,3289.0,3263.0,3344.0,2965.0,3472.0,3459.0,3256.0,3438.0,3237.0,3441.0,3498.0,3401.0,54.760710485,0.019969171
1398.0,1987.0,2198.0,2028.0,2029.0,2028.0,2025.0,2026.0,2025.0,2027.0,2023.0,2028.0,2026.0,2028.0,2031.0,2029.0,2029.0,2024.0,2023.0,2016.0,2015.0,2018.0,2026.0,2025.0,2021.0,3109.0,3520.0,3498.0,3355.0,3476.0,3353.0,3173.0,3290.0,3263.0,3344.0,2963.0,3472.0,3458.0,3256.0,3438.0,3237.0,3442.0,3498.0,3401.0,54.78066661,0.019884929000000003
1398.0,1984.0,2197.0,2032.0,2031.0,2035.0,2033.0,2032.0,2033.0,2032.0,2032.0,2030.0,2033.0,2030.0,2030.0,2021.0,2024.0,2026.0,2026.0,2023.0,2027.0,2029.0,2031.0,2030.0,2032.0,3109.0,3520.0,3499.0,3355.0,3476.0,3351.0,3173.0,3289.0,3263.0,3344.0,2963.0,3473.0,3459.0,3256.0,3438.0,3237.0,3442.0,3499.0,3400.0,54.800669813,0.019953572000000003
1398.0,1985.0,2198.0,2037.0,2038.0,2037.0,2034.0,2034.0,2036.0,2033.0,2030.0,2031.0,2035.0,2028.0,2029.0,2026.0,2027.0,2028.0,2024.0,2021.0,2019.0,2016.0,2016.0,2011.0,2013.0,3110.0,3520.0,3498.0,3355.0,3477.0,3352.0,3173.0,3289.0,3262.0,3344.0,2964.0,3473.0,3459.0,3256.0,3437.0,3236.0,3441.0,3497.0,3401.0,54.820668885,0.019930199000000003
1398.0,1988.0,2198.0,2017.0,2016.0,2017.0,2015.0,2017.0,2017.0,2019.0,2021.0,2020.0,2021.0,2025.0,2021.0,2020.0,2022.0,2024.0,2023.0,2028.0,2025.0,2028.0,2035.0,2031.0,2029.0,3109.0,3519.0,3498.0,3354.0,3476.0,3352.0,3173.0,3288.0,3264.0,3345.0,2964.0,3473.0,3459.0,3256.0,3438.0,3237.0,3441.0,3499.0,3401.0,54.840667186,0.019930174000000002
1398.0,1988.0,2197.0,2031.0,2027.0,2030.0,2029.0,2029.0,2029.0,2029.0,2031.0,2030.0,2029.0,2028.0,2027.0,2025.0,2026.0,2033.0,2028.0,2029.0,2030.0,2033.0,2033.0,2031.0,2027.0,3109.0,3520.0,3498.0,3355.0,3476.0,3352.0,3173.0,3289.0,3263.0,3344.0,2964.0,3473.0,3459.0,3256.0,3438.0,3236.0,3442.0,3498.0,3401.0,54.860669587,0.019945321000000002
1398.0,1986.0,2198.0,2028.0,2031.0,2028.0,2023.0,2020.0,2020.0,2019.0,2022.0,2018.0,2019.0,2016.0,2020.0,2024.0,2020.0,2018.0,2021.0,2019.0,2014.0,2017.0,2023.0,2021.0,2021.0,3110.0,3520.0,3498.0,3355.0,3476.0,3352.0,3173.0,3289.0,3264.0,3345.0,2964.0,3472.0,3459.0,3256.0,3438.0,3237.0,3441.0,3498.0,3401.0,54.880666861,0.019929229
1398.0,1987.0,2198.0,2028.0,2026.0,2027.0,2024.0,2024.0,2023.0,2024.0,2024.0,2025.0,2025.0,2026.0,2029.0,2022.0,2024.0,2023.0,2021.0,2024.0,2024.0,2023.0,2028.0,2026.0,2025.0,3109.0,3520.0,3499.0,3355.0,3476.0,3352.0,3173.0,3289.0,3262.0,3345.0,2964.0,3473.0,3459.0,3256.0,3438.0,3236.0,3441.0,3497.0,3401.0,54.900669079,0.01996097
1399.0,1988.0,2197.0,2031.0,2031.0,2030.0,2029.0,2029.0,2033.0,2030.0,2028.0,2026.0,2027.0,2029.0,2025.0,2026.0,2024.0,2025.0,2027.0,2024.0,2025.0,2023.0,2025.0,2023.0,2022.0,3110.0,3518.0,3498.0,3355.0,3477.0,3352.0,3174.0,3289.0,3263.0,3345.0,2963.0,3473.0,3458.0,3256.0,3438.0,3237.0,3442.0,3498.0,3401.0,54.920670254,0.019935524
1398.0,1986.0,2198.0,2015.0,2014.0,2019.0,2020.0,2021.0,2025.0,2024.0,2021.0,2017.0,2014.0,2018.0,2021.0,2023.0,2023.0,2023.0,2022.0,2023.0,2022.0,2025.0,2025.0,2025.0,2025.0,3109.0,3520.0,3498.0,3355.0,3475.0,3352.0,3173.0,3289.0,3262.0,3344.0,2964.0,3473.0,3459.0,3256.0,3437.0,3236.0,3442.0,3498.0,3401.0,54.940666333,0.019925256000000002
1398.0,1989.0,2198.0,2031.0,2032.0,2028.0,2029.0,2030.0,2030.0,2027.0,2023.0,2025.0,2023.0,2025.0,2022.0,2032.0,2029.0,2028.0,2025.0,2028.0,2029.0,2031.0,2038.0,2031.0,2033.0,3110.0,3521.0,3498.0,3354.0,3476.0,3351.0,3173.0,3289.0,3263.0,3344.0,2964.0,3473.0,3459.0,3256.0,3438.0,3236.0,3441.0,3498.0,3402.0,54.960670076,0.019971159000000002
1398.0,1990.0,2198.0,2029.0,2028.0,2028.0,2024.0,2030.0,2030.0,2028.0,2030.0,2028.0,2031.0,2030.0,2027.0,2025.0,2032.0,2030.0,2029.0,2026.0,2029.0,2030.0,2032.0,2031.0,2029.0,3110.0,3520.0,3499.0,3354.0,3476.0,3352.0,3173.0,3289.0,3262.0,3345.0,2963.0,3473.0,3459.0,3256.0,3438.0,3236.0,3442.0,3499.0,3401.0,54.980667034,0.019916055000000002
1398.0,1987.0,2198.0,2026.0,2023.0,2023.0,2024.0,2026.0,2025.0,2026.0,2029.0,2030.0,2031.0,2030.0,2030.0,2031.0,2035.0,2034.0,2030.0,2031.0,2029.0,2029.0,2031.0,2029.0,2031.0,3111.0,3519.0,3498.0,3355.0,3476.0,3352.0,3173.0,3289.0,3262.0,3344.0,2964.0,3471.0,3460.0,3256.0,3439.0,3237.0,3441.0,3499.0,3401.0,55.000682752,0.019973603000000003
1398.0,1986.0,2198.0,2026.0,2025.0,2022.0,2024.0,2019.0,2025.0,2018.0,2018.0,2016.0,2016.0,2018.0,2018.0,2019.0,2020.0,2018.0,2019.0,2019.0,2020.0,2022.0,2025.0,2023.0,2025.0,3109.0,3520.0,3498.0,3355.0,3476.0,3352.0,3173.0,3290.0,3263.0,3345.0,2964.0,3473.0,3459.0,3257.0,3438.0,3237.0,3441.0,3498.0,3401.0,55.020669485,0.019929607000000002
1398.0,1986.0,2198.0,2027.0,2030.0,2029.0,2025.0,2028.0,2026.0,2024.0,2028.0,2027.0,2026.0,2021.0,2023.0,2030.0,2028.0,2023.0,2025.0,2027.0,2025.0,2027.0,2032.0,2030.0,2024.0,3109.0,3520.0,3498.0,3355.0,3476.0,3352.0,3173.0,3289.0,3263.0,3345.0,2964.0,3473.0,3459.0,3255.0,3438.0,3237.0,3441.0,3499.0,3401.0,55.040667495,0.019936921
1398.0,1987.0,2197.0,2023.0,2025.0,2022.0,2016.0,2020.0,2019.0,2018.0,2023.0,2020.0,2021.0,2024.0,2028.0,2025.0,2025.0,2027.0,2028.0,2030.0,2030.0,2028.0,2038.0,2030.0,2031.0,3109.0,3519.0,3498.0,3355.0,3477.0,3352.0,3173.0,3289.0,3262.0,3344.0,2965.0,3473.0,3458.0,3256.0,3438.0,3237.0,3440.0,3499.0,3401.0,55.0606703,0.019971198000000003
1398.0,1986.0,2197.0,2026.0,2025.0,2026.0,2027.0,2028.0,2027.0,2023.0,2026.0,2027.0,2033.0,2033.0,2032.0,2028.0,2027.0,2025.0,2024.0,2022.0,2023.0,2026.0,2030.0,2028.0,2024.0,3110.0,3520.0,3499.0,3356.0,3476.0,3353.0,3174.0,3290.0,3263.0,3344.0,2963.0,3472.0,3459.0,3256.0,3438.0,3236.0,3442.0,3498.0,3402.0,55.080669219,0.019933992
1398.0,1988.0,2198.0,2018.0,2020.0,2017.0,2019.0,2022.0,2023.0,2018.0,2018.0,2017.0,2021.0,2023.0,2023.0,2025.0,2029.0,2027.0,2022.0,2023.0,2022.0,2025.0,2023.0,2019.0,2025.0,3109.0,3520.0,3498.0,3354.0,3476.0,3352.0,3173.0,3289.0,3262.0,3345.0,2964.0,3472.0,3458.0,3257.0,3438.0,3237.0,3442.0,3497.0,3400.0,55.100668569,0.019948188000000002
1398.0,1986.0,2198.0,2037.0,2041.0,2039.0,2041.0,2036.0,2037.0,2035.0,2038.0,2035.0,2035.0,2033.0,2033.0,2031.0,2034.0,2034.0,2032.0,2031.0,2030.0,2032.0,2037.0,2033.0,2035.0,3110.0,3520.0,3499.0,3356.0,3477.0,3352.0,3173.0,3289.0,3263.0,3345.0,2964.0,3472.0,3459.0,3256.0,3438.0,3236.0,3441.0,3498.0,3401.0,55.120670513,0.019965497000000002
1398.0,1988.0,2198.0,2028.0,2030.0,2028.0,2029.0,2029.0,2029.0,2024.0,2025.0,2025.0,2029.0,2027.0,2029.0,2027.0,2028.0,2026.0,2025.0,2025.0,2025.0,2026.0,2029.0,2024.0,2025.0,3110.0,3520.0,3498.0,3355.0,3476.0,3352.0,3173.0,3289.0,3263.0,3345.0,2964.0,3472.0,3459.0,3257.0,3438.0,3237.0,3440.0,3498.0,3401.0,55.140668769,0.019937456000000003
1398.0,1988.0,2197.0,2026.0,2025.0,2024.0,2023.0,2022.0,2021.0,2022.0,2022.0,2023.0,2022.0,2023.0,2021.0,2023.0,2027.0,2031.0,2026.0,2022.0,2025.0,2026.0,2030.0,2026.0,2029.0,3110.0,3520.0,3498.0,3355.0,3477.0,3352.0,3173.0,3289.0,3263.0,3344.0,2963.0,3474.0,3458.0,3256.0,3438.0,3235.0,3442.0,3498.0,3401.0,55.160676196,0.019972448
1399.0,1988.0,2198.0,2023.0,2025.0,2021.0,2026.0,2023.0,2023.0,2018.0,2019.0,2025.0,2023.0,2025.0,2023.0,2023.0,2025.0,2022.0,2018.0,2021.0,2021.0,2022.0,2026.0,2023.0,2025.0,3110.0,3519.0,3499.0,3355.0,3477.0,3351.0,3173.0,3288.0,3263.0,3344.0,2964.0,3474.0,3459.0,3256.0,3438.0,3237.0,3441.0,3499.0,3401.0,55.180669824,0.01991501
1398.0,1988.0,2198.0,2022.0,2024.0,2026.0,2027.0,2025.0,2024.0,2022.0,2022.0,2020.0,2020.0,2025.0,2025.0,2021.0,2021.0,2020.0,2019.0,2018.0,2017.0,2021.0,2025.0,2023.0,2025.0,3109.0,3520.0,3498.0,3355.0,3475.0,3351.0,3173.0,3289.0,3264.0,3344.0,2964.0,3473.0,3459.0,3257.0,3438.0,3237.0,3442.0,3498.0,3403.0,55.200669423,0.019953906
1398.0,1986.0,2198.0,2033.0,2031.0,2030.0,2033.0,2035.0,2034.0,2032.0,2035.0,2035.0,2035.0,2036.0,2034.0,2035.0,2033.0,2033.0,2036.0,2038.0,2038.0,2042.0,2041.0,2042.0,2041.0,3109.0,3521.0,3499.0,3355.0,3476.0,3352.0,3173.0,3289.0,3263.0,3344.0,2964.0,3473.0,3460.0,3256.0,3438.0,3236.0,3441.0,3498.0,3401.0,55.220676161,0.019973041
1398.0,1988.0,2197.0,2029.0,2027.0,2028.0,2028.0,2030.0,2030.0,2032.0,2032.0,2032.0,2032.0,2032.0,2029.0,2030.0,2033.0,2028.0,2025.0,2024.0,2020.0,2023.0,2024.0,2022.0,2025.0,3110.0,3519.0,3498.0,3355.0,3476.0,3352.0,3174.0,3288.0,3262.0,3345.0,2964.0,3473.0,3459.0,3256.0,3438.0,3236.0,3441.0,3498.0,3401.0,55.240671473,0.019917914000000002
1398.0,1989.0,2198.0,2016.0,2021.0,2020.0,2021.0,2025.0,2023.0,2022.0,2024.0,2023.0,2023.0,2023.0,2025.0,2023.0,2023.0,2025.0,2023.0,2018.0,2022.0,2025.0,2023.0,2020.0,2022.0,3110.0,3519.0,3499.0,3355.0,3476.0,3352.0,3173.0,3289.0,3263.0,3345.0,2964.0,3473.0,3459.0,3256.0,3438.0,3236.0,3441.0,3498.0,3401.0,55.260672262,0.019962197
1398.0,1988.0,2198.0,2030.0,2028.0,2028.0,2029.0,2027.0,2029.0,2026.0,2028.0,2027.0,2028.0,2025.0,2025.0,2026.0,2024.0,2023.0,2021.0,2025.0,2023.0,2022.0,2018.0,2015.0,2014.0,3110.0,3520.0,3498.0,3355.0,3477.0,3353.0,3174.0,3289.0,3263.0,3344.0,2964.0,3473.0,3459.0,3256.0,3437.0,3236.0,3441.0,3498.0,3401.0,55.280672289,0.019931951
1398.0,1986.0,2198.0,2028.0,2023.0,2028.0,2027.0,2029.0,2027.0,2030.0,2032.0,2031.0,2034.0,2029.0,2029.0,2027.0,2026.0,2023.0,2023.0,2025.0,2028.0,2027.0,2027.0,2022.0,2021.0,3109.0,3520.0,3498.0,3354.0,3475.0,3352.0,3175.0,3289.0,3263.0,3345.0,2964.0,3474.0,3460.0,3256.0,3438.0,3237.0,3442.0,3499.0,3402.0,55.300673996,0.019938364
1398.0,1987.0,2198.0,2031.0,2031.0,2030.0,2033.0,2032.0,2030.0,2032.0,2033.0,2036.0,2039.0,2036.0,2033.0,2037.0,2036.0,2035.0,2032.0,2030.0,2033.0,2030.0,2034.0,2030.0,2027.0,3110.0,3520.0,3498.0,3355.0,3476.0,3352.0,3173.0,3289.0,3263.0,3344.0,2963.0,3473.0,3460.0,3256.0,3438.0,3237.0,3441.0,3499.0,3401.0,55.320672999,0.019929926
1398.0,1987.0,2198.0,2028.0,2027.0,2025.0,2022.0,2021.0,2021.0,2019.0,2021.0,2021.0,2024.0,2027.0,2022.0,2023.0,2027.0,2029.0,2021.0,2026.0,2028.0,2026.0,2030.0,2030.0,2031.0,3110.0,3519.0,3498.0,3355.0,3477.0,3352.0,3173.0,3289.0,3263.0,3344.0,2965.0,3472.0,3459.0,3256.0,3438.0,3237.0,3442.0,3498.0,3401.0,55.340676685,0.019938688
1398.0,1989.0,2198.0,2029.0,2031.0,2027.0,2031.0,2032.0,2032.0,2031.0,2032.0,2028.0,2032.0,2029.0,2027.0,2026.0,2022.0,2023.0,2026.0,2022.0,2025.0,2024.0,2021.0,2018.0,2020.0,3110.0,3520.0,3498.0,3355.0,3476.0,3353.0,3173.0,3290.0,3263.0,3345.0,2964.0,3473.0,3460.0,3256.0,3438.0,3237.0,3441.0,3498.0,3401.0,55.360676668,0.01992806
1398.0,1986.0,2197.0,2026.0,2030.0,2030.0,2029.0,2026.0,2025.0,2025.0,2031.0,2033.0,2033.0,2035.0,2033.0,2029.0,2028.0,2027.0,2028.0,2025.0,2030.0,2031.0,2032.0,2032.0,2034.0,3110.0,3520.0,3498.0,3355.0,3477.0,3352.0,3174.0,3289.0,3262.0,3345.0,2964.0,3473.0,3459.0,3256.0,3439.0,3237.0,3441.0,3498.0,3401.0,55.380677049,0.019932698000000002
1398.0,1986.0,2198.0,2026.0,2025.0,2025.0,2026.0,2026.0,2028.0,2026.0,2025.0,2021.0,2023.0,2023.0,2018.0,2017.0,2020.0,2021.0,2025.0,2025.0,2025.0,2028.0,2030.0,2029.0,2027.0,3109.0,3519.0,3498.0,3354.0,3476.0,3352.0,3174.0,3289.0,3263.0,3345.0,2963.0,3472.0,3459.0,3256.0,3438.0,3236.0,3441.0,3498.0,3402.0,55.400671921,0.01991329
1398.0,1985.0,2198.0,2019.0,2022.0,2021.0,2026.0,2024.0,2025.0,2024.0,2023.0,2026.0,2025.0,2023.0,2025.0,2022.0,2021.0,2020.0,2014.0,2016.0,2019.0,2021.0,2020.0,2015.0,2015.0,3110.0,3520.0,3499.0,3355.0,3476.0,3352.0,3173.0,3289.0,3263.0,3344.0,2964.0,3474.0,3458.0,3256.0,3437.0,3236.0,3442.0,3498.0,3401.0,55.420674264,0.01996478
1398.0,1987.0,2198.0,2018.0,2017.0,2017.0,2017.0,2016.0,2020.0,2017.0,2016.0,2019.0,2021.0,2021.0,2018.0,2018.0,2023.0,2026.0,2022.0,2024.0,2024.0,2024.0,2031.0,2030.0,2033.0,3110.0,3520.0,3498.0,3355.0,3476.0,3353.0,3174.0,3288.0,3262.0,3345.0,2964.0,3473.0,3459.0,3256.0,3438.0,3237.0,3442.0,3498.0,3401.0,55.440672798,0.019931657000000002
1398.0,1986.0,2198.0,2025.0,2027.0,2025.0,2023.0,2025.0,2026.0,2022.0,2023.0,2024.0,2025.0,2026.0,2025.0,2027.0,2024.0,2022.0,2026.0,2024.0,2025.0,2024.0,2028.0,2024.0,2025.0,3109.0,3520.0,3498.0,3355.0,3477.0,3352.0,3173.0,3289.0,3263.0,3346.0,2964.0,3473.0,3459.0,3256.0,3439.0,3236.0,3441.0,3498.0,3401.0,55.460675263,0.019960391
1398.0,1988.0,2198.0,2030.0,2029.0,2030.0,2031.0,2034.0,2034.0,2030.0,2030.0,2033.0,2030.0,2029.0,2027.0,2028.0,2025.0,2027.0,2028.0,2028.0,2028.0,2027.0,2029.0,2029.0,2031.0,3110.0,3520.0,3498.0,3355.0,3476.0,3353.0,3174.0,3289.0,3262.0,3345.0,2964.0,3473.0,3458.0,3257.0,3439.0,3236.0,3443.0,3498.0,3402.0,55.48067284,0.019932602
1398.0,1986.0,2198.0,2026.0,2026.0,2026.0,2031.0,2025.0,2026.0,2027.0,2028.0,2025.0,2029.0,2028.0,2031.0,2031.0,2027.0,2027.0,2028.0,2031.0,2028.0,2027.0,2025.0,2028.0,2029.0,3110.0,3519.0,3498.0,3355.0,3477.0,3352.0,3173.0,3289.0,3263.0,3344.0,2965.0,3472.0,3460.0,3257.0,3438.0,3237.0,3441.0,3498.0,3401.0,55.500675515,0.019965574
1398.0,1986.0,2198.0,2027.0,2030.0,2030.0,2027.0,2024.0,2022.0,2021.0,2022.0,2023.0,2021.0,2019.0,2022.0,2021.0,2019.0,2020.0,2021.0,2024.0,2025.0,2021.0,2023.0,2021.0,2023.0,3110.0,3520.0,3499.0,3355.0,3477.0,3353.0,3173.0,3290.0,3263.0,3344.0,2965.0,3473.0,3459.0,3256.0,3439.0,3236.0,3441.0,3498.0,3401.0,55.520677359,0.019957396000000002
1398.0,1988.0,2198.0,2032.0,2031.0,2034.0,2032.0,2027.0,2031.0,2031.0,2032.0,2032.0,2032.0,2034.0,2032.0,2030.0,2028.0,2028.0,2028.0,2028.0,2027.0,2027.0,2029.0,2028.0,2029.0,3111.0,3519.0,3499.0,3355.0,3477.0,3352.0,3174.0,3289.0,3263.0,3345.0,2965.0,3472.0,3459.0,3256.0,3438.0,3237.0,3441.0,3498.0,3401.0,55.540674732,0.019927582000000003
1398.0,1987.0,2198.0,2030.0,2030.0,2029.0,2023.0,2024.0,2025.0,2025.0,2025.0,2025.0,2019.0,2017.0,2021.0,2018.0,2017.0,2020.0,2021.0,2019.0,2020.0,2019.0,2023.0,2021.0,2021.0,3110.0,3520.0,3498.0,3355.0,3477.0,3352.0,3173.0,3289.0,3263.0,3344.0,2964.0,3472.0,3459.0,3255.0,3438.0,3237.0,3441.0,3497.0,3401.0,55.560677778,0.019962708000000003
1398.0,1986.0,2199.0,2020.0,2021.0,2020.0,2018.0,2022.0,2025.0,2028.0,2023.0,2024.0,2030.0,2034.0,2031.0,2033.0,2034.0,2036.0,2036.0,2035.0,2035.0,2032.0,2035.0,2035.0,2034.0,3110.0,3520.0,3499.0,3356.0,3477.0,3352.0,3173.0,3290.0,3262.0,3344.0,2964.0,3473.0,3460.0,3255.0,3438.0,3237.0,3441.0,3498.0,3401.0,55.580675808,0.019933967
1398.0,1987.0,2198.0,2021.0,2022.0,2018.0,2018.0,2019.0,2022.0,2020.0,2022.0,2023.0,2025.0,2022.0,2025.0,2024.0,2026.0,2028.0,2027.0,2030.0,2031.0,2029.0,2033.0,2030.0,2032.0,3110.0,3521.0,3498.0,3355.0,3476.0,3353.0,3173.0,3289.0,3263.0,3345.0,2964.0,3473.0,3459.0,3256.0,3438.0,3237.0,3441.0,3498.0,3401.0,55.600674469,0.019957426
1398.0,1988.0,2198.0,2031.0,2032.0,2033.0,2032.0,2037.0,2032.0,2032.0,2032.0,2028.0,2032.0,2032.0,2031.0,2031.0,2032.0,2024.0,2028.0,2030.0,2026.0,2023.0,2029.0,2026.0,2026.0,3110.0,3520.0,3499.0,3355.0,3478.0,3352.0,3174.0,3289.0,3263.0,3345.0,2964.0,3473.0,3460.0,3256.0,3438.0,3236.0,3441.0,3498.0,3401.0,55.620676759,0.019964133000000002
