position 3_tdc_data,position 3_tac_data,position 3_pdc_data,position 3_pac_data_0,position 3_pac_data_1,position 3_pac_data_2,position 3_pac_data_3,position 3_pac_data_4,position 3_pac_data_5,position 3_pac_data_6,position 3_pac_data_7,position 3_pac_data_8,position 3_pac_data_9,position 3_pac_data_10,position 3_pac_data_11,position 3_pac_data_12,position 3_pac_data_13,position 3_pac_data_14,position 3_pac_data_15,position 3_pac_data_16,position 3_pac_data_17,position 3_pac_data_18,position 3_pac_data_19,position 3_pac_data_20,position 3_pac_data_21,position 3_elec_data_0,position 3_elec_data_1,position 3_elec_data_2,position 3_elec_data_3,position 3_elec_data_4,position 3_elec_data_5,position 3_elec_data_6,position 3_elec_data_7,position 3_elec_data_8,position 3_elec_data_9,position 3_elec_data_10,position 3_elec_data_11,position 3_elec_data_12,position 3_elec_data_13,position 3_elec_data_14,position 3_elec_data_15,position 3_elec_data_16,position 3_elec_data_17,position 3_elec_data_18,header_from_controller_start,frame_collection_from_header
1390.0,1983.0,2197.0,2023.0,2025.0,2022.0,2021.0,2021.0,2017.0,2017.0,2010.0,2009.0,2008.0,2009.0,2007.0,2008.0,2007.0,2009.0,2008.0,2009.0,2011.0,2014.0,2024.0,2019.0,2022.0,3107.0,3517.0,3495.0,3352.0,3475.0,3350.0,3170.0,3286.0,3260.0,3342.0,2962.0,3471.0,3457.0,3253.0,3436.0,3234.0,3440.0,3496.0,3399.0,42.280515208,0.019940846
1391.0,1982.0,2198.0,2023.0,2021.0,2020.0,2022.0,2026.0,2021.0,2021.0,2021.0,2023.0,2023.0,2026.0,2028.0,2026.0,2025.0,2027.0,2025.0,2026.0,2028.0,2030.0,2031.0,2030.0,2032.0,3107.0,3517.0,3496.0,3352.0,3474.0,3350.0,3171.0,3287.0,3261.0,3342.0,2962.0,3471.0,3458.0,3254.0,3436.0,3234.0,3439.0,3495.0,3398.0,42.300517426,0.019920178
1392.0,1982.0,2197.0,2039.0,2038.0,2039.0,2042.0,2039.0,2041.0,2040.0,2038.0,2040.0,2036.0,2035.0,2033.0,2032.0,2034.0,2034.0,2031.0,2033.0,2033.0,2030.0,2032.0,2031.0,2031.0,3107.0,3518.0,3496.0,3353.0,3474.0,3349.0,3171.0,3287.0,3260.0,3342.0,2962.0,3470.0,3457.0,3254.0,3436.0,3234.0,3439.0,3497.0,3399.0,42.320516998,0.019932936000000002
1391.0,1979.0,2197.0,2035.0,2036.0,2039.0,2037.0,2041.0,2039.0,2036.0,2035.0,2034.0,2031.0,2030.0,2030.0,2030.0,2032.0,2030.0,2029.0,2032.0,2033.0,2034.0,2038.0,2037.0,2034.0,3106.0,3517.0,3496.0,3351.0,3473.0,3349.0,3170.0,3288.0,3260.0,3343.0,2962.0,3471.0,3457.0,3254.0,3435.0,3234.0,3440.0,3496.0,3398.0,42.340515116,0.019932204000000002
1391.0,1980.0,2196.0,2032.0,2030.0,2028.0,2028.0,2026.0,2025.0,2025.0,2024.0,2023.0,2026.0,2022.0,2020.0,2024.0,2022.0,2022.0,2023.0,2019.0,2017.0,2020.0,2023.0,2021.0,2020.0,3107.0,3517.0,3496.0,3353.0,3474.0,3349.0,3171.0,3287.0,3261.0,3342.0,2963.0,3471.0,3457.0,3254.0,3436.0,3234.0,3440.0,3497.0,3398.0,42.360514372,0.019953771000000002
1391.0,1982.0,2197.0,2025.0,2025.0,2022.0,2025.0,2031.0,2028.0,2025.0,2025.0,2029.0,2025.0,2024.0,2026.0,2025.0,2031.0,2027.0,2027.0,2027.0,2024.0,2018.0,2022.0,2015.0,2017.0,3107.0,3517.0,3496.0,3353.0,3475.0,3349.0,3170.0,3287.0,3261.0,3342.0,2962.0,3471.0,3457.0,3253.0,3436.0,3234.0,3439.0,3496.0,3398.0,42.38051817,0.019921363
1391.0,1982.0,2197.0,2025.0,2021.0,2024.0,2024.0,2022.0,2022.0,2022.0,2021.0,2021.0,2025.0,2023.0,2025.0,2025.0,2026.0,2026.0,2026.0,2030.0,2029.0,2028.0,2033.0,2031.0,2030.0,3107.0,3517.0,3496.0,3352.0,3474.0,3350.0,3170.0,3286.0,3260.0,3343.0,2962.0,3471.0,3457.0,3253.0,3436.0,3235.0,3439.0,3496.0,3398.0,42.400516364,0.019923202
1392.0,1984.0,2196.0,2036.0,2037.0,2035.0,2038.0,2034.0,2034.0,2028.0,2032.0,2034.0,2032.0,2029.0,2026.0,2027.0,2029.0,2029.0,2031.0,2031.0,2030.0,2028.0,2033.0,2030.0,2025.0,3107.0,3518.0,3496.0,3352.0,3475.0,3349.0,3171.0,3287.0,3262.0,3341.0,2962.0,3471.0,3457.0,3254.0,3436.0,3233.0,3440.0,3495.0,3398.0,42.420516246,0.019939104000000003
1391.0,1982.0,2197.0,2022.0,2025.0,2023.0,2021.0,2022.0,2026.0,2023.0,2024.0,2023.0,2025.0,2028.0,2025.0,2023.0,2027.0,2026.0,2025.0,2023.0,2023.0,2024.0,2028.0,2030.0,2026.0,3108.0,3517.0,3496.0,3351.0,3473.0,3349.0,3170.0,3287.0,3261.0,3342.0,2962.0,3471.0,3457.0,3254.0,3436.0,3234.0,3439.0,3496.0,3398.0,42.440518063,0.019939994000000003
1391.0,1982.0,2197.0,2020.0,2020.0,2016.0,2019.0,2020.0,2020.0,2019.0,2018.0,2018.0,2014.0,2017.0,2018.0,2018.0,2017.0,2018.0,2016.0,2015.0,2015.0,2013.0,2014.0,2011.0,2013.0,3107.0,3518.0,3495.0,3352.0,3474.0,3349.0,3170.0,3287.0,3262.0,3342.0,2962.0,3471.0,3457.0,3254.0,3435.0,3234.0,3439.0,3497.0,3398.0,42.460515095,0.019930731
1391.0,1982.0,2197.0,2027.0,2025.0,2029.0,2026.0,2026.0,2027.0,2027.0,2021.0,2024.0,2023.0,2026.0,2024.0,2023.0,2021.0,2020.0,2018.0,2015.0,2016.0,2014.0,2017.0,2013.0,2014.0,3107.0,3518.0,3496.0,3352.0,3474.0,3350.0,3171.0,3286.0,3261.0,3342.0,2962.0,3472.0,3456.0,3254.0,3436.0,3235.0,3439.0,3495.0,3398.0,42.480518233,0.019951716
1391.0,1984.0,2197.0,2024.0,2027.0,2032.0,2033.0,2034.0,2035.0,2032.0,2031.0,2026.0,2024.0,2026.0,2028.0,2033.0,2034.0,2033.0,2031.0,2032.0,2026.0,2032.0,2036.0,2032.0,2027.0,3106.0,3517.0,3496.0,3352.0,3474.0,3350.0,3171.0,3286.0,3261.0,3342.0,2962.0,3471.0,3456.0,3253.0,3435.0,3234.0,3439.0,3497.0,3398.0,42.500517326,0.0199286
1391.0,1985.0,2197.0,2029.0,2022.0,2023.0,2020.0,2023.0,2023.0,2023.0,2025.0,2026.0,2026.0,2025.0,2026.0,2022.0,2023.0,2029.0,2029.0,2032.0,2032.0,2029.0,2033.0,2032.0,2031.0,3107.0,3518.0,3496.0,3352.0,3474.0,3350.0,3170.0,3286.0,3260.0,3343.0,2962.0,3471.0,3456.0,3254.0,3436.0,3234.0,3439.0,3497.0,3399.0,42.520517522,0.019951996
1391.0,1983.0,2197.0,2021.0,2021.0,2022.0,2023.0,2023.0,2021.0,2021.0,2018.0,2020.0,2023.0,2024.0,2023.0,2025.0,2025.0,2022.0,2026.0,2028.0,2024.0,2026.0,2023.0,2026.0,2031.0,3108.0,3518.0,3497.0,3353.0,3474.0,3350.0,3171.0,3287.0,3261.0,3342.0,2962.0,3471.0,3456.0,3254.0,3436.0,3234.0,3439.0,3496.0,3399.0,42.540517634,0.019936163
1391.0,1983.0,2196.0,2033.0,2032.0,2031.0,2032.0,2033.0,2026.0,2023.0,2026.0,2026.0,2029.0,2031.0,2032.0,2032.0,2032.0,2038.0,2038.0,2040.0,2039.0,2037.0,2040.0,2039.0,2040.0,3107.0,3518.0,3496.0,3352.0,3474.0,3350.0,3172.0,3286.0,3261.0,3342.0,2962.0,3472.0,3457.0,3253.0,3436.0,3234.0,3439.0,3496.0,3399.0,42.560517875,0.019934251
1391.0,1983.0,2197.0,2031.0,2028.0,2030.0,2027.0,2029.0,2031.0,2030.0,2032.0,2033.0,2030.0,2028.0,2027.0,2026.0,2030.0,2028.0,2028.0,2030.0,2029.0,2028.0,2028.0,2024.0,2022.0,3108.0,3517.0,3496.0,3351.0,3475.0,3349.0,3170.0,3286.0,3260.0,3342.0,2962.0,3471.0,3457.0,3253.0,3435.0,3235.0,3439.0,3496.0,3399.0,42.580518226,0.019943161
1391.0,1985.0,2197.0,2027.0,2024.0,2019.0,2021.0,2026.0,2025.0,2023.0,2021.0,2020.0,2019.0,2016.0,2019.0,2019.0,2018.0,2018.0,2018.0,2015.0,2017.0,2016.0,2020.0,2016.0,2016.0,3108.0,3518.0,3496.0,3352.0,3474.0,3349.0,3171.0,3287.0,3260.0,3342.0,2962.0,3471.0,3457.0,3253.0,3435.0,3235.0,3439.0,3495.0,3398.0,42.600517213,0.019928001
1391.0,1984.0,2196.0,2021.0,2024.0,2028.0,2025.0,2030.0,2028.0,2024.0,2026.0,2021.0,2021.0,2028.0,2025.0,2026.0,2027.0,2024.0,2026.0,2027.0,2028.0,2028.0,2031.0,2030.0,2030.0,3108.0,3518.0,3496.0,3353.0,3475.0,3350.0,3171.0,3286.0,3261.0,3342.0,2962.0,3470.0,3456.0,3253.0,3437.0,3234.0,3439.0,3496.0,3398.0,42.620524337,0.019960094
1391.0,1984.0,2197.0,2020.0,2018.0,2018.0,2016.0,2016.0,2017.0,2019.0,2022.0,2019.0,2018.0,2018.0,2018.0,2018.0,2016.0,2018.0,2017.0,2023.0,2025.0,2025.0,2027.0,2025.0,2024.0,3107.0,3517.0,3496.0,3352.0,3474.0,3349.0,3171.0,3286.0,3260.0,3343.0,2962.0,3470.0,3457.0,3254.0,3436.0,3233.0,3439.0,3497.0,3398.0,42.640518961,0.019918408000000002
1391.0,1986.0,2197.0,2035.0,2038.0,2038.0,2038.0,2030.0,2032.0,2033.0,2030.0,2032.0,2035.0,2038.0,2045.0,2041.0,2041.0,2038.0,2035.0,2037.0,2036.0,2036.0,2036.0,2035.0,2035.0,3107.0,3517.0,3496.0,3353.0,3475.0,3350.0,3171.0,3286.0,3261.0,3342.0,2962.0,3471.0,3457.0,3253.0,3436.0,3234.0,3439.0,3496.0,3398.0,42.660518244,0.019928055
1392.0,1983.0,2197.0,2031.0,2027.0,2028.0,2029.0,2027.0,2029.0,2029.0,2030.0,2027.0,2029.0,2029.0,2029.0,2027.0,2029.0,2029.0,2028.0,2026.0,2030.0,2030.0,2030.0,2032.0,2031.0,3108.0,3517.0,3496.0,3352.0,3475.0,3349.0,3171.0,3286.0,3261.0,3342.0,2962.0,3472.0,3458.0,3253.0,3436.0,3234.0,3439.0,3496.0,3398.0,42.680521717,0.019967405
1391.0,1981.0,2197.0,2029.0,2028.0,2027.0,2025.0,2028.0,2026.0,2025.0,2023.0,2025.0,2026.0,2021.0,2019.0,2021.0,2021.0,2018.0,2015.0,2020.0,2019.0,2018.0,2020.0,2021.0,2022.0,3107.0,3517.0,3496.0,3352.0,3474.0,3349.0,3171.0,3287.0,3260.0,3342.0,2963.0,3471.0,3457.0,3254.0,3436.0,3234.0,3439.0,3497.0,3398.0,42.700519532,0.019929851000000002
1391.0,1980.0,2197.0,2019.0,2017.0,2014.0,2016.0,2015.0,2018.0,2018.0,2018.0,2018.0,2017.0,2021.0,2020.0,2021.0,2025.0,2028.0,2026.0,2024.0,2026.0,2027.0,2026.0,2019.0,2022.0,3107.0,3519.0,3496.0,3352.0,3474.0,3349.0,3171.0,3287.0,3260.0,3343.0,2961.0,3471.0,3457.0,3254.0,3437.0,3234.0,3439.0,3496.0,3399.0,42.720521381,0.019960185000000002
1392.0,1981.0,2196.0,2036.0,2035.0,2033.0,2035.0,2041.0,2041.0,2040.0,2038.0,2037.0,2037.0,2033.0,2032.0,2030.0,2027.0,2031.0,2030.0,2027.0,2024.0,2027.0,2025.0,2025.0,2023.0,3107.0,3518.0,3496.0,3352.0,3475.0,3349.0,3171.0,3286.0,3260.0,3342.0,2963.0,3471.0,3458.0,3254.0,3436.0,3234.0,3440.0,3497.0,3399.0,42.740519713,0.019932232
1391.0,1983.0,2196.0,2046.0,2041.0,2046.0,2043.0,2039.0,2033.0,2029.0,2033.0,2030.0,2027.0,2031.0,2028.0,2027.0,2026.0,2024.0,2026.0,2022.0,2024.0,2016.0,2018.0,2015.0,2017.0,3107.0,3517.0,3496.0,3353.0,3473.0,3349.0,3170.0,3287.0,3260.0,3343.0,2961.0,3471.0,3457.0,3253.0,3436.0,3234.0,3440.0,3496.0,3399.0,42.760518772,0.019930769
1392.0,1984.0,2196.0,2026.0,2027.0,2029.0,2033.0,2035.0,2033.0,2037.0,2040.0,2039.0,2043.0,2045.0,2043.0,2040.0,2045.0,2044.0,2041.0,2044.0,2038.0,2041.0,2044.0,2038.0,2035.0,3107.0,3519.0,3496.0,3353.0,3474.0,3350.0,3170.0,3286.0,3260.0,3342.0,2962.0,3471.0,3457.0,3253.0,3436.0,3234.0,3439.0,3496.0,3398.0,42.780532313,0.019978503
1391.0,1983.0,2196.0,2011.0,2011.0,2020.0,2024.0,2028.0,2034.0,2030.0,2026.0,2024.0,2024.0,2026.0,2030.0,2031.0,2033.0,2032.0,2032.0,2035.0,2030.0,2033.0,2037.0,2036.0,2038.0,3107.0,3517.0,3496.0,3352.0,3475.0,3349.0,3171.0,3286.0,3261.0,3343.0,2963.0,3471.0,3457.0,3253.0,3435.0,3235.0,3439.0,3496.0,3398.0,42.80055922,0.019974742
1392.0,1984.0,2196.0,2029.0,2026.0,2029.0,2028.0,2029.0,2027.0,2029.0,2029.0,2031.0,2032.0,2031.0,2035.0,2038.0,2034.0,2035.0,2036.0,2038.0,2035.0,2035.0,2029.0,2033.0,2028.0,3107.0,3518.0,3497.0,3352.0,3474.0,3349.0,3170.0,3287.0,3260.0,3343.0,2962.0,3471.0,3456.0,3254.0,3436.0,3234.0,3440.0,3496.0,3398.0,42.820519444,0.019914872
1391.0,1986.0,2197.0,2037.0,2032.0,2028.0,2027.0,2023.0,2026.0,2021.0,2019.0,2017.0,2014.0,2011.0,2007.0,2009.0,2009.0,2006.0,2009.0,2006.0,2006.0,2006.0,2005.0,2003.0,2003.0,3106.0,3518.0,3496.0,3353.0,3475.0,3350.0,3172.0,3287.0,3260.0,3343.0,2963.0,3471.0,3456.0,3254.0,3436.0,3234.0,3440.0,3496.0,3398.0,42.84052059,0.019967505
1392.0,1984.0,2198.0,2048.0,2052.0,2055.0,2047.0,2052.0,2050.0,2048.0,2043.0,2039.0,2037.0,2033.0,2027.0,2030.0,2027.0,2027.0,2026.0,2021.0,2016.0,2014.0,2016.0,2011.0,2010.0,3107.0,3517.0,3497.0,3352.0,3474.0,3350.0,3172.0,3286.0,3260.0,3343.0,2962.0,3471.0,3457.0,3253.0,3435.0,3234.0,3439.0,3496.0,3398.0,42.860520686,0.019934408
1392.0,1981.0,2197.0,2026.0,2023.0,2027.0,2026.0,2027.0,2026.0,2020.0,2023.0,2020.0,2017.0,2017.0,2015.0,2020.0,2019.0,2021.0,2016.0,2018.0,2016.0,2018.0,2020.0,2018.0,2017.0,3107.0,3517.0,3497.0,3353.0,3474.0,3349.0,3170.0,3286.0,3260.0,3342.0,2963.0,3471.0,3457.0,3253.0,3437.0,3234.0,3440.0,3496.0,3398.0,42.880521893,0.019970115
1391.0,1982.0,2196.0,2040.0,2046.0,2054.0,2060.0,2063.0,2066.0,2069.0,2068.0,2069.0,2075.0,2078.0,2083.0,2083.0,2089.0,2089.0,2087.0,2085.0,2083.0,2085.0,2082.0,2071.0,2064.0,3108.0,3519.0,3496.0,3353.0,3475.0,3350.0,3170.0,3287.0,3262.0,3342.0,2961.0,3470.0,3458.0,3253.0,3436.0,3234.0,3440.0,3496.0,3398.0,42.900521106,0.019928969
1391.0,1984.0,2197.0,1983.0,1980.0,1982.0,1983.0,1989.0,1995.0,1997.0,1994.0,2010.0,2024.0,2037.0,2045.0,2060.0,2065.0,2065.0,2063.0,2060.0,2060.0,2059.0,2063.0,2060.0,2057.0,3107.0,3518.0,3497.0,3353.0,3474.0,3349.0,3171.0,3286.0,3260.0,3342.0,2963.0,3471.0,3457.0,3254.0,3437.0,3234.0,3439.0,3496.0,3399.0,42.920522793,0.019954078
1392.0,1984.0,2197.0,1992.0,1997.0,2001.0,2001.0,2002.0,2005.0,2014.0,2009.0,2013.0,2016.0,2018.0,2021.0,2022.0,2017.0,2026.0,2026.0,2025.0,2027.0,2027.0,2029.0,2028.0,2032.0,3108.0,3518.0,3496.0,3352.0,3474.0,3350.0,3171.0,3287.0,3261.0,3343.0,2963.0,3470.0,3457.0,3254.0,3435.0,3234.0,3439.0,3497.0,3398.0,42.940522752,0.019937069
1392.0,1982.0,2196.0,2035.0,2041.0,2035.0,2031.0,2018.0,2021.0,2022.0,2030.0,2014.0,2013.0,2022.0,2025.0,2034.0,2025.0,2034.0,2015.0,2026.0,2043.0,2032.0,2043.0,2015.0,2033.0,3107.0,3516.0,3497.0,3354.0,3475.0,3349.0,3171.0,3287.0,3260.0,3343.0,2962.0,3471.0,3458.0,3254.0,3436.0,3234.0,3438.0,3496.0,3399.0,42.960523314,0.019934610000000002
1391.0,1983.0,2197.0,2028.0,2001.0,2014.0,2018.0,2021.0,2027.0,2014.0,2024.0,2020.0,2020.0,2019.0,2015.0,2016.0,2019.0,2016.0,2018.0,2014.0,2023.0,2024.0,2025.0,2023.0,2019.0,3107.0,3518.0,3496.0,3353.0,3475.0,3350.0,3171.0,3286.0,3260.0,3341.0,2962.0,3471.0,3456.0,3253.0,3436.0,3234.0,3439.0,3496.0,3398.0,42.980523562,0.019942718
1391.0,1982.0,2197.0,2020.0,2023.0,2020.0,2023.0,2022.0,2020.0,2021.0,2019.0,2016.0,2012.0,2015.0,2015.0,2015.0,2013.0,2013.0,2014.0,2014.0,2014.0,2016.0,2018.0,2022.0,2020.0,3107.0,3518.0,3496.0,3353.0,3474.0,3350.0,3171.0,3287.0,3260.0,3342.0,2963.0,3470.0,3457.0,3253.0,3436.0,3234.0,3439.0,3497.0,3399.0,43.000523467,0.019933680000000002
1391.0,1982.0,2197.0,2036.0,2038.0,2042.0,2038.0,2040.0,2037.0,2035.0,2032.0,2033.0,2031.0,2032.0,2031.0,2033.0,2033.0,2030.0,2032.0,2028.0,2030.0,2026.0,2029.0,2021.0,2019.0,3107.0,3517.0,3496.0,3352.0,3475.0,3348.0,3170.0,3286.0,3260.0,3342.0,2962.0,3471.0,3457.0,3254.0,3435.0,3234.0,3440.0,3496.0,3397.0,43.02052363,0.019951267
1391.0,1983.0,2196.0,2034.0,2034.0,2032.0,2031.0,2032.0,2032.0,2028.0,2031.0,2033.0,2031.0,2029.0,2031.0,2033.0,2030.0,2031.0,2031.0,2032.0,2033.0,2032.0,2030.0,2031.0,2032.0,3107.0,3518.0,3496.0,3352.0,3474.0,3349.0,3172.0,3286.0,3261.0,3343.0,2962.0,3471.0,3457.0,3254.0,3436.0,3234.0,3439.0,3496.0,3399.0,43.040528964,0.019942669
1391.0,1984.0,2197.0,2019.0,2017.0,2018.0,2015.0,2023.0,2023.0,2022.0,2021.0,2018.0,2021.0,2023.0,2024.0,2025.0,2023.0,2023.0,2025.0,2026.0,2026.0,2025.0,2028.0,2023.0,2023.0,3107.0,3518.0,3496.0,3353.0,3475.0,3350.0,3171.0,3287.0,3261.0,3342.0,2963.0,3471.0,3457.0,3254.0,3435.0,3234.0,3440.0,3497.0,3399.0,43.060521676,0.019915181
1391.0,1984.0,2197.0,2032.0,2029.0,2034.0,2034.0,2035.0,2033.0,2034.0,2038.0,2033.0,2034.0,2030.0,2033.0,2031.0,2034.0,2032.0,2032.0,2029.0,2032.0,2033.0,2033.0,2032.0,2027.0,3107.0,3518.0,3498.0,3352.0,3474.0,3350.0,3171.0,3286.0,3261.0,3343.0,2962.0,3471.0,3458.0,3253.0,3437.0,3235.0,3439.0,3496.0,3398.0,43.080522234,0.019968991000000002
1391.0,1982.0,2196.0,2032.0,2029.0,2030.0,2029.0,2031.0,2027.0,2030.0,2032.0,2035.0,2034.0,2034.0,2033.0,2031.0,2035.0,2035.0,2035.0,2034.0,2033.0,2036.0,2037.0,2037.0,2036.0,3107.0,3518.0,3496.0,3352.0,3475.0,3349.0,3171.0,3287.0,3260.0,3343.0,2962.0,3471.0,3457.0,3254.0,3436.0,3234.0,3439.0,3496.0,3398.0,43.100523932,0.019942003
1392.0,1984.0,2197.0,2015.0,2016.0,2017.0,2015.0,2017.0,2019.0,2018.0,2018.0,2015.0,2015.0,2017.0,2015.0,2017.0,2019.0,2018.0,2023.0,2023.0,2025.0,2025.0,2031.0,2033.0,2028.0,3108.0,3517.0,3497.0,3352.0,3474.0,3350.0,3171.0,3287.0,3261.0,3343.0,2962.0,3471.0,3457.0,3254.0,3436.0,3234.0,3439.0,3497.0,3398.0,43.120524593,0.019927355
1391.0,1984.0,2197.0,2023.0,2022.0,2018.0,2017.0,2014.0,2016.0,2018.0,2013.0,2015.0,2016.0,2015.0,2018.0,2015.0,2014.0,2016.0,2019.0,2020.0,2019.0,2022.0,2026.0,2025.0,2027.0,3108.0,3517.0,3497.0,3353.0,3473.0,3349.0,3170.0,3286.0,3261.0,3342.0,2963.0,3471.0,3457.0,3254.0,3436.0,3234.0,3439.0,3496.0,3399.0,43.140530466,0.019947972
1392.0,1983.0,2197.0,2031.0,2035.0,2033.0,2031.0,2031.0,2032.0,2034.0,2031.0,2029.0,2028.0,2029.0,2024.0,2027.0,2025.0,2026.0,2027.0,2029.0,2026.0,2027.0,2027.0,2027.0,2025.0,3107.0,3518.0,3496.0,3353.0,3474.0,3350.0,3171.0,3286.0,3261.0,3342.0,2962.0,3471.0,3457.0,3253.0,3437.0,3234.0,3439.0,3497.0,3399.0,43.160524016,0.019907420000000002
1392.0,1982.0,2197.0,2019.0,2015.0,2015.0,2012.0,2011.0,2012.0,2014.0,2015.0,2016.0,2019.0,2016.0,2019.0,2022.0,2024.0,2029.0,2031.0,2031.0,2029.0,2028.0,2032.0,2028.0,2032.0,3107.0,3518.0,3496.0,3353.0,3474.0,3350.0,3171.0,3287.0,3260.0,3343.0,2963.0,3471.0,3458.0,3253.0,3436.0,3234.0,3440.0,3496.0,3398.0,43.180523078,0.019952346000000003
1391.0,1981.0,2197.0,2023.0,2024.0,2023.0,2024.0,2023.0,2023.0,2019.0,2019.0,2018.0,2018.0,2017.0,2018.0,2019.0,2020.0,2019.0,2019.0,2022.0,2018.0,2016.0,2022.0,2024.0,2025.0,3107.0,3517.0,3497.0,3353.0,3474.0,3349.0,3171.0,3286.0,3259.0,3343.0,2962.0,3471.0,3457.0,3253.0,3435.0,3235.0,3439.0,3497.0,3398.0,43.200526448,0.019964576
1391.0,1981.0,2198.0,2029.0,2030.0,2031.0,2030.0,2033.0,2034.0,2033.0,2035.0,2032.0,2031.0,2032.0,2029.0,2030.0,2034.0,2033.0,2030.0,2029.0,2027.0,2029.0,2034.0,2030.0,2028.0,3107.0,3518.0,3495.0,3353.0,3474.0,3349.0,3171.0,3286.0,3261.0,3342.0,2962.0,3470.0,3457.0,3253.0,3436.0,3235.0,3439.0,3496.0,3398.0,43.220526229,0.019946487000000002
1392.0,1979.0,2197.0,2023.0,2022.0,2018.0,2018.0,2022.0,2025.0,2024.0,2022.0,2025.0,2027.0,2025.0,2027.0,2032.0,2028.0,2026.0,2030.0,2031.0,2029.0,2030.0,2032.0,2031.0,2028.0,3106.0,3517.0,3496.0,3352.0,3474.0,3349.0,3170.0,3287.0,3260.0,3342.0,2962.0,3470.0,3458.0,3254.0,3437.0,3235.0,3439.0,3495.0,3399.0,43.24052773,0.019941257
1392.0,1980.0,2197.0,2023.0,2023.0,2024.0,2023.0,2026.0,2027.0,2024.0,2021.0,2021.0,2019.0,2021.0,2025.0,2023.0,2024.0,2029.0,2029.0,2033.0,2032.0,2028.0,2031.0,2027.0,2027.0,3106.0,3518.0,3497.0,3353.0,3474.0,3349.0,3171.0,3287.0,3260.0,3342.0,2962.0,3471.0,3457.0,3253.0,3436.0,3234.0,3440.0,3496.0,3398.0,43.260524547,0.019928941000000002
1391.0,1980.0,2196.0,2035.0,2035.0,2038.0,2035.0,2036.0,2035.0,2037.0,2038.0,2035.0,2033.0,2031.0,2033.0,2031.0,2033.0,2033.0,2029.0,2026.0,2028.0,2027.0,2031.0,2027.0,2027.0,3108.0,3519.0,3496.0,3353.0,3474.0,3349.0,3170.0,3287.0,3260.0,3342.0,2963.0,3471.0,3458.0,3253.0,3437.0,3234.0,3439.0,3496.0,3399.0,43.280526678,0.019964471
1391.0,1984.0,2198.0,2018.0,2018.0,2020.0,2022.0,2021.0,2023.0,2025.0,2029.0,2028.0,2026.0,2027.0,2027.0,2024.0,2025.0,2026.0,2027.0,2028.0,2030.0,2026.0,2031.0,2030.0,2032.0,3107.0,3518.0,3497.0,3353.0,3474.0,3350.0,3171.0,3287.0,3262.0,3343.0,2962.0,3471.0,3457.0,3254.0,3436.0,3234.0,3440.0,3497.0,3399.0,43.300525167,0.019933409000000003
1391.0,1984.0,2197.0,2029.0,2029.0,2032.0,2035.0,2035.0,2038.0,2034.0,2033.0,2036.0,2035.0,2038.0,2035.0,2033.0,2033.0,2034.0,2035.0,2032.0,2031.0,2030.0,2031.0,2025.0,2028.0,3108.0,3517.0,3496.0,3352.0,3474.0,3349.0,3171.0,3287.0,3260.0,3342.0,2963.0,3471.0,3457.0,3254.0,3436.0,3234.0,3440.0,3496.0,3399.0,43.320527582,0.019961604
1392.0,1984.0,2197.0,2030.0,2028.0,2028.0,2026.0,2029.0,2029.0,2030.0,2032.0,2032.0,2033.0,2035.0,2035.0,2032.0,2031.0,2030.0,2032.0,2032.0,2026.0,2029.0,2032.0,2027.0,2030.0,3107.0,3518.0,3496.0,3352.0,3474.0,3349.0,3171.0,3286.0,3260.0,3342.0,2962.0,3470.0,3457.0,3254.0,3435.0,3234.0,3440.0,3497.0,3398.0,43.340527522,0.019936662
1392.0,1980.0,2196.0,2022.0,2020.0,2019.0,2019.0,2017.0,2024.0,2025.0,2023.0,2029.0,2026.0,2029.0,2028.0,2030.0,2031.0,2036.0,2032.0,2029.0,2029.0,2032.0,2031.0,2032.0,2029.0,3107.0,3518.0,3496.0,3353.0,3474.0,3350.0,3171.0,3286.0,3260.0,3343.0,2962.0,3472.0,3457.0,3254.0,3436.0,3234.0,3440.0,3497.0,3399.0,43.36052657,0.019935454000000002
1391.0,1983.0,2197.0,2024.0,2024.0,2024.0,2020.0,2021.0,2024.0,2027.0,2031.0,2030.0,2029.0,2028.0,2029.0,2027.0,2028.0,2033.0,2032.0,2030.0,2028.0,2028.0,2029.0,2029.0,2025.0,3107.0,3519.0,3497.0,3352.0,3474.0,3350.0,3171.0,3287.0,3260.0,3343.0,2963.0,3471.0,3456.0,3254.0,3436.0,3234.0,3439.0,3496.0,3398.0,43.380528342,0.019961531
1391.0,1984.0,2196.0,2018.0,2017.0,2021.0,2019.0,2020.0,2020.0,2019.0,2018.0,2023.0,2021.0,2021.0,2021.0,2021.0,2018.0,2023.0,2021.0,2020.0,2020.0,2020.0,2022.0,2021.0,2022.0,3108.0,3518.0,3496.0,3353.0,3474.0,3350.0,3171.0,3286.0,3261.0,3343.0,2962.0,3471.0,3457.0,3254.0,3436.0,3234.0,3439.0,3497.0,3398.0,43.400528319,0.019926438
1392.0,1984.0,2197.0,2025.0,2028.0,2031.0,2030.0,2030.0,2030.0,2027.0,2030.0,2029.0,2026.0,2027.0,2025.0,2025.0,2025.0,2029.0,2029.0,2030.0,2033.0,2032.0,2034.0,2029.0,2029.0,3107.0,3517.0,3497.0,3353.0,3474.0,3349.0,3171.0,3286.0,3260.0,3343.0,2962.0,3472.0,3457.0,3253.0,3436.0,3235.0,3439.0,3497.0,3398.0,43.420528615,0.019932222000000003
1392.0,1982.0,2197.0,2030.0,2029.0,2029.0,2028.0,2026.0,2024.0,2027.0,2024.0,2025.0,2023.0,2022.0,2025.0,2023.0,2023.0,2027.0,2023.0,2025.0,2022.0,2021.0,2025.0,2023.0,2025.0,3107.0,3518.0,3497.0,3353.0,3475.0,3350.0,3171.0,3288.0,3261.0,3342.0,2962.0,3472.0,3457.0,3254.0,3436.0,3235.0,3440.0,3496.0,3399.0,43.440529938,0.019934338000000003
1392.0,1984.0,2198.0,2020.0,2017.0,2018.0,2019.0,2020.0,2019.0,2020.0,2018.0,2016.0,2013.0,2013.0,2014.0,2017.0,2016.0,2020.0,2023.0,2023.0,2025.0,2026.0,2023.0,2020.0,2019.0,3107.0,3518.0,3497.0,3353.0,3474.0,3350.0,3171.0,3286.0,3260.0,3343.0,2962.0,3472.0,3457.0,3254.0,3436.0,3234.0,3440.0,3497.0,3398.0,43.4605273,0.019930936
1392.0,1983.0,2197.0,2025.0,2024.0,2023.0,2024.0,2025.0,2024.0,2021.0,2024.0,2027.0,2025.0,2026.0,2023.0,2022.0,2022.0,2022.0,2022.0,2020.0,2026.0,2027.0,2030.0,2025.0,2024.0,3108.0,3518.0,3497.0,3352.0,3474.0,3349.0,3171.0,3286.0,3260.0,3342.0,2963.0,3471.0,3456.0,3254.0,3435.0,3235.0,3440.0,3495.0,3399.0,43.480529284,0.019958505
1392.0,1981.0,2197.0,2037.0,2034.0,2033.0,2035.0,2038.0,2040.0,2037.0,2037.0,2034.0,2038.0,2038.0,2038.0,2038.0,2037.0,2039.0,2042.0,2044.0,2040.0,2039.0,2040.0,2040.0,2037.0,3107.0,3518.0,3496.0,3352.0,3475.0,3350.0,3171.0,3286.0,3261.0,3342.0,2962.0,3471.0,3458.0,3254.0,3437.0,3235.0,3440.0,3496.0,3398.0,43.500529402,0.019936795
1391.0,1983.0,2197.0,2031.0,2031.0,2025.0,2022.0,2023.0,2020.0,2022.0,2024.0,2026.0,2023.0,2021.0,2022.0,2024.0,2028.0,2027.0,2026.0,2023.0,2023.0,2023.0,2026.0,2027.0,2028.0,3107.0,3517.0,3496.0,3353.0,3474.0,3349.0,3171.0,3287.0,3260.0,3342.0,2963.0,3472.0,3457.0,3254.0,3436.0,3235.0,3439.0,3496.0,3399.0,43.520530022,0.019937632
1392.0,1982.0,2197.0,2028.0,2027.0,2025.0,2027.0,2025.0,2024.0,2023.0,2020.0,2021.0,2024.0,2023.0,2023.0,2029.0,2026.0,2029.0,2030.0,2028.0,2025.0,2027.0,2031.0,2030.0,2033.0,3107.0,3518.0,3496.0,3353.0,3475.0,3349.0,3171.0,3286.0,3261.0,3343.0,2962.0,3471.0,3458.0,3254.0,3436.0,3233.0,3439.0,3496.0,3398.0,43.540530397,0.019933000000000003
1392.0,1981.0,2197.0,2030.0,2029.0,2030.0,2027.0,2030.0,2029.0,2030.0,2031.0,2029.0,2028.0,2031.0,2032.0,2031.0,2027.0,2021.0,2022.0,2020.0,2024.0,2024.0,2024.0,2021.0,2023.0,3107.0,3519.0,3496.0,3352.0,3474.0,3350.0,3170.0,3287.0,3260.0,3343.0,2963.0,3471.0,3458.0,3254.0,3436.0,3235.0,3439.0,3496.0,3398.0,43.560529467,0.019933662
1392.0,1982.0,2197.0,2024.0,2021.0,2027.0,2024.0,2027.0,2024.0,2027.0,2028.0,2027.0,2025.0,2024.0,2025.0,2028.0,2027.0,2022.0,2021.0,2023.0,2027.0,2027.0,2029.0,2029.0,2030.0,3108.0,3518.0,3496.0,3352.0,3474.0,3350.0,3171.0,3287.0,3260.0,3342.0,2963.0,3472.0,3458.0,3254.0,3436.0,3234.0,3438.0,3497.0,3398.0,43.580530336,0.019960234
1392.0,1985.0,2197.0,2021.0,2022.0,2019.0,2018.0,2020.0,2021.0,2023.0,2022.0,2024.0,2023.0,2024.0,2017.0,2022.0,2022.0,2020.0,2018.0,2015.0,2011.0,2018.0,2021.0,2017.0,2019.0,3108.0,3519.0,3497.0,3353.0,3475.0,3349.0,3170.0,3287.0,3261.0,3342.0,2962.0,3471.0,3458.0,3254.0,3435.0,3234.0,3439.0,3496.0,3399.0,43.600530748,0.019937461
1392.0,1983.0,2197.0,2026.0,2031.0,2026.0,2023.0,2022.0,2026.0,2027.0,2025.0,2023.0,2018.0,2020.0,2016.0,2016.0,2015.0,2021.0,2023.0,2020.0,2020.0,2023.0,2023.0,2020.0,2020.0,3107.0,3518.0,3496.0,3353.0,3474.0,3350.0,3170.0,3287.0,3261.0,3342.0,2962.0,3471.0,3457.0,3254.0,3436.0,3234.0,3439.0,3496.0,3398.0,43.62053498,0.019935824
1392.0,1984.0,2197.0,2025.0,2027.0,2028.0,2032.0,2032.0,2032.0,2029.0,2032.0,2030.0,2029.0,2034.0,2033.0,2035.0,2034.0,2036.0,2040.0,2038.0,2039.0,2040.0,2045.0,2036.0,2035.0,3106.0,3518.0,3496.0,3353.0,3474.0,3350.0,3171.0,3286.0,3261.0,3343.0,2962.0,3471.0,3458.0,3254.0,3435.0,3234.0,3439.0,3496.0,3397.0,43.640530756,0.019914093
1392.0,1982.0,2197.0,2030.0,2031.0,2032.0,2032.0,2030.0,2035.0,2033.0,2034.0,2031.0,2029.0,2030.0,2029.0,2034.0,2035.0,2033.0,2033.0,2030.0,2030.0,2030.0,2031.0,2030.0,2028.0,3107.0,3518.0,3497.0,3352.0,3473.0,3350.0,3171.0,3286.0,3261.0,3342.0,2962.0,3471.0,3458.0,3254.0,3437.0,3234.0,3439.0,3496.0,3398.0,43.660529536,0.019933454
1392.0,1984.0,2198.0,2029.0,2029.0,2028.0,2026.0,2026.0,2024.0,2025.0,2026.0,2024.0,2027.0,2026.0,2029.0,2028.0,2026.0,2030.0,2028.0,2023.0,2023.0,2024.0,2029.0,2031.0,2032.0,3107.0,3519.0,3497.0,3352.0,3474.0,3350.0,3171.0,3287.0,3261.0,3342.0,2962.0,3471.0,3458.0,3254.0,3436.0,3234.0,3439.0,3496.0,3399.0,43.680529874,0.019960153
1392.0,1984.0,2197.0,2024.0,2023.0,2020.0,2022.0,2023.0,2026.0,2023.0,2024.0,2025.0,2029.0,2029.0,2025.0,2028.0,2027.0,2022.0,2019.0,2019.0,2022.0,2026.0,2027.0,2024.0,2024.0,3107.0,3517.0,3496.0,3353.0,3475.0,3350.0,3171.0,3287.0,3261.0,3343.0,2962.0,3471.0,3457.0,3254.0,3436.0,3234.0,3439.0,3496.0,3399.0,43.700533515000004,0.019955506
1392.0,1983.0,2197.0,2026.0,2026.0,2032.0,2033.0,2030.0,2029.0,2030.0,2031.0,2027.0,2029.0,2029.0,2027.0,2026.0,2023.0,2028.0,2025.0,2021.0,2020.0,2025.0,2027.0,2023.0,2027.0,3107.0,3519.0,3496.0,3353.0,3473.0,3350.0,3171.0,3287.0,3261.0,3342.0,2962.0,3471.0,3458.0,3254.0,3437.0,3234.0,3440.0,3496.0,3398.0,43.720533374,0.019928209000000002
1392.0,1983.0,2197.0,2025.0,2029.0,2027.0,2028.0,2029.0,2027.0,2024.0,2026.0,2027.0,2024.0,2026.0,2028.0,2025.0,2023.0,2025.0,2027.0,2026.0,2029.0,2027.0,2026.0,2023.0,2021.0,3107.0,3518.0,3496.0,3352.0,3474.0,3350.0,3171.0,3287.0,3260.0,3343.0,2963.0,3471.0,3457.0,3254.0,3436.0,3234.0,3439.0,3497.0,3399.0,43.740537549,0.01994005
1392.0,1984.0,2197.0,2027.0,2024.0,2025.0,2028.0,2029.0,2030.0,2028.0,2025.0,2027.0,2027.0,2029.0,2026.0,2028.0,2025.0,2026.0,2027.0,2028.0,2024.0,2028.0,2028.0,2027.0,2028.0,3107.0,3518.0,3496.0,3352.0,3475.0,3349.0,3171.0,3287.0,3260.0,3343.0,2963.0,3471.0,3458.0,3254.0,3437.0,3234.0,3439.0,3497.0,3399.0,43.76053227,0.019915138000000002
1392.0,1984.0,2197.0,2032.0,2035.0,2035.0,2032.0,2033.0,2033.0,2031.0,2032.0,2030.0,2029.0,2029.0,2028.0,2026.0,2028.0,2029.0,2027.0,2025.0,2025.0,2025.0,2030.0,2027.0,2028.0,3107.0,3518.0,3497.0,3353.0,3474.0,3350.0,3171.0,3287.0,3260.0,3343.0,2963.0,3471.0,3457.0,3254.0,3436.0,3234.0,3439.0,3496.0,3398.0,43.780533655,0.019951736
1392.0,1984.0,2196.0,2037.0,2036.0,2036.0,2035.0,2041.0,2040.0,2038.0,2036.0,2035.0,2037.0,2038.0,2035.0,2034.0,2036.0,2035.0,2033.0,2031.0,2031.0,2028.0,2031.0,2027.0,2028.0,3108.0,3518.0,3496.0,3352.0,3475.0,3349.0,3172.0,3287.0,3261.0,3343.0,2962.0,3471.0,3458.0,3254.0,3435.0,3234.0,3439.0,3496.0,3399.0,43.800538168,0.019945757
1392.0,1984.0,2197.0,2024.0,2027.0,2028.0,2027.0,2023.0,2027.0,2029.0,2028.0,2032.0,2031.0,2030.0,2029.0,2026.0,2027.0,2024.0,2024.0,2025.0,2029.0,2030.0,2030.0,2028.0,2032.0,3106.0,3518.0,3496.0,3352.0,3474.0,3350.0,3170.0,3287.0,3261.0,3342.0,2963.0,3471.0,3458.0,3254.0,3437.0,3234.0,3439.0,3496.0,3399.0,43.820531491,0.019915113
1392.0,1986.0,2197.0,2028.0,2030.0,2028.0,2024.0,2023.0,2022.0,2023.0,2025.0,2021.0,2022.0,2021.0,2022.0,2029.0,2030.0,2029.0,2024.0,2025.0,2025.0,2027.0,2024.0,2023.0,2024.0,3108.0,3518.0,3496.0,3353.0,3475.0,3350.0,3171.0,3287.0,3261.0,3343.0,2963.0,3472.0,3457.0,3254.0,3436.0,3235.0,3439.0,3496.0,3399.0,43.840533389,0.019961754
1392.0,1986.0,2197.0,2034.0,2033.0,2035.0,2034.0,2035.0,2034.0,2037.0,2040.0,2038.0,2038.0,2035.0,2035.0,2037.0,2038.0,2038.0,2037.0,2039.0,2043.0,2041.0,2046.0,2042.0,2040.0,3107.0,3517.0,3497.0,3352.0,3474.0,3350.0,3171.0,3286.0,3260.0,3342.0,2962.0,3471.0,3457.0,3254.0,3436.0,3234.0,3439.0,3497.0,3398.0,43.86054076,0.019945458000000003
1392.0,1984.0,2197.0,2025.0,2025.0,2025.0,2022.0,2025.0,2025.0,2025.0,2027.0,2025.0,2026.0,2029.0,2030.0,2029.0,2026.0,2022.0,2024.0,2025.0,2025.0,2025.0,2029.0,2026.0,2023.0,3107.0,3517.0,3496.0,3353.0,3474.0,3349.0,3171.0,3287.0,3260.0,3342.0,2962.0,3471.0,3457.0,3254.0,3437.0,3235.0,3439.0,3495.0,3398.0,43.880532678,0.019949418
1392.0,1985.0,2196.0,2015.0,2014.0,2018.0,2016.0,2015.0,2021.0,2020.0,2023.0,2021.0,2021.0,2021.0,2019.0,2018.0,2024.0,2024.0,2021.0,2025.0,2027.0,2022.0,2027.0,2030.0,2026.0,3107.0,3518.0,3496.0,3353.0,3474.0,3350.0,3171.0,3287.0,3261.0,3342.0,2962.0,3471.0,3457.0,3254.0,3437.0,3235.0,3440.0,3496.0,3399.0,43.900534182,0.019950583
1392.0,1984.0,2197.0,2026.0,2025.0,2027.0,2029.0,2029.0,2027.0,2027.0,2027.0,2028.0,2031.0,2027.0,2026.0,2027.0,2026.0,2025.0,2024.0,2024.0,2020.0,2021.0,2027.0,2021.0,2023.0,3106.0,3518.0,3498.0,3352.0,3474.0,3349.0,3171.0,3287.0,3260.0,3342.0,2962.0,3472.0,3457.0,3254.0,3437.0,3235.0,3439.0,3496.0,3398.0,43.920533961,0.019934501
1392.0,1983.0,2197.0,2011.0,2013.0,2012.0,2010.0,2010.0,2010.0,2014.0,2015.0,2014.0,2019.0,2018.0,2022.0,2021.0,2021.0,2019.0,2021.0,2018.0,2022.0,2022.0,2027.0,2024.0,2023.0,3107.0,3518.0,3497.0,3353.0,3474.0,3350.0,3171.0,3287.0,3261.0,3343.0,2963.0,3471.0,3457.0,3254.0,3436.0,3234.0,3440.0,3496.0,3399.0,43.940534901,0.019953242000000003
1392.0,1983.0,2197.0,2024.0,2026.0,2031.0,2032.0,2029.0,2028.0,2025.0,2026.0,2028.0,2026.0,2028.0,2028.0,2030.0,2029.0,2034.0,2033.0,2035.0,2035.0,2034.0,2038.0,2035.0,2037.0,3107.0,3519.0,3497.0,3352.0,3475.0,3349.0,3172.0,3286.0,3261.0,3342.0,2963.0,3471.0,3457.0,3254.0,3435.0,3235.0,3440.0,3496.0,3399.0,43.960535505,0.019939297
1392.0,1980.0,2197.0,2033.0,2032.0,2035.0,2035.0,2033.0,2033.0,2032.0,2028.0,2029.0,2026.0,2026.0,2027.0,2026.0,2028.0,2028.0,2025.0,2025.0,2025.0,2023.0,2027.0,2027.0,2025.0,3107.0,3518.0,3497.0,3353.0,3474.0,3350.0,3171.0,3287.0,3261.0,3342.0,2963.0,3471.0,3458.0,3254.0,3436.0,3235.0,3440.0,3497.0,3398.0,43.980533276,0.019946381000000003
1392.0,1985.0,2196.0,2037.0,2035.0,2035.0,2035.0,2035.0,2038.0,2041.0,2041.0,2038.0,2037.0,2035.0,2037.0,2038.0,2036.0,2033.0,2036.0,2035.0,2032.0,2033.0,2033.0,2029.0,2028.0,3107.0,3518.0,3496.0,3352.0,3474.0,3350.0,3170.0,3287.0,3261.0,3342.0,2963.0,3471.0,3458.0,3254.0,3436.0,3235.0,3438.0,3496.0,3399.0,44.000535355,0.019949725
1392.0,1985.0,2197.0,2025.0,2023.0,2024.0,2021.0,2027.0,2027.0,2027.0,2025.0,2028.0,2027.0,2029.0,2029.0,2021.0,2022.0,2021.0,2019.0,2020.0,2021.0,2023.0,2023.0,2023.0,2019.0,3107.0,3517.0,3496.0,3352.0,3475.0,3350.0,3171.0,3287.0,3260.0,3343.0,2962.0,3472.0,3458.0,3253.0,3437.0,3234.0,3440.0,3496.0,3399.0,44.020534688,0.019934005
1392.0,1985.0,2197.0,2030.0,2030.0,2029.0,2032.0,2032.0,2030.0,2033.0,2031.0,2033.0,2031.0,2026.0,2024.0,2032.0,2028.0,2027.0,2029.0,2026.0,2031.0,2032.0,2034.0,2030.0,2030.0,3107.0,3517.0,3496.0,3352.0,3475.0,3349.0,3171.0,3287.0,3261.0,3342.0,2962.0,3472.0,3457.0,3254.0,3437.0,3234.0,3440.0,3497.0,3399.0,44.040536483,0.019954829
1392.0,1984.0,2197.0,2026.0,2027.0,2025.0,2026.0,2029.0,2029.0,2025.0,2022.0,2026.0,2025.0,2027.0,2025.0,2027.0,2023.0,2028.0,2027.0,2028.0,2026.0,2027.0,2029.0,2024.0,2022.0,3106.0,3519.0,3496.0,3352.0,3475.0,3350.0,3171.0,3287.0,3260.0,3342.0,2963.0,3471.0,3457.0,3254.0,3437.0,3234.0,3440.0,3497.0,3399.0,44.060536791,0.019939508
1392.0,1986.0,2196.0,2027.0,2029.0,2028.0,2029.0,2027.0,2029.0,2030.0,2032.0,2032.0,2033.0,2033.0,2031.0,2034.0,2034.0,2032.0,2033.0,2033.0,2032.0,2033.0,2037.0,2036.0,2038.0,3107.0,3518.0,3496.0,3352.0,3474.0,3349.0,3170.0,3286.0,3261.0,3343.0,2963.0,3470.0,3458.0,3254.0,3436.0,3235.0,3440.0,3495.0,3398.0,44.080534772,0.01993694
1392.0,1987.0,2197.0,2031.0,2029.0,2027.0,2027.0,2025.0,2025.0,2027.0,2025.0,2026.0,2024.0,2025.0,2024.0,2023.0,2025.0,2024.0,2025.0,2025.0,2025.0,2023.0,2027.0,2026.0,2026.0,3107.0,3519.0,3496.0,3352.0,3474.0,3349.0,3172.0,3287.0,3260.0,3343.0,2963.0,3471.0,3458.0,3254.0,3436.0,3234.0,3439.0,3496.0,3398.0,44.100536848,0.019948296
1392.0,1983.0,2196.0,2037.0,2033.0,2032.0,2033.0,2030.0,2031.0,2033.0,2033.0,2032.0,2027.0,2027.0,2020.0,2022.0,2024.0,2023.0,2022.0,2022.0,2023.0,2025.0,2024.0,2021.0,2021.0,3107.0,3518.0,3497.0,3353.0,3473.0,3350.0,3172.0,3287.0,3261.0,3342.0,2963.0,3472.0,3457.0,3254.0,3436.0,3234.0,3439.0,3497.0,3399.0,44.120536541,0.019932375000000002
1392.0,1985.0,2197.0,2033.0,2033.0,2034.0,2034.0,2036.0,2036.0,2038.0,2034.0,2036.0,2034.0,2033.0,2035.0,2032.0,2032.0,2035.0,2033.0,2033.0,2034.0,2032.0,2032.0,2030.0,2026.0,3107.0,3517.0,3495.0,3352.0,3475.0,3349.0,3171.0,3287.0,3260.0,3342.0,2963.0,3471.0,3457.0,3254.0,3437.0,3235.0,3440.0,3497.0,3399.0,44.140537215,0.019955808000000002
1393.0,1984.0,2197.0,2012.0,2009.0,2010.0,2010.0,2011.0,2008.0,2011.0,2009.0,2011.0,2013.0,2016.0,2018.0,2019.0,2017.0,2017.0,2015.0,2019.0,2020.0,2021.0,2023.0,2022.0,2021.0,3107.0,3518.0,3497.0,3353.0,3474.0,3350.0,3172.0,3286.0,3261.0,3342.0,2963.0,3472.0,3458.0,3254.0,3437.0,3235.0,3440.0,3496.0,3399.0,44.160535269,0.019936029
1392.0,1986.0,2197.0,2034.0,2032.0,2034.0,2030.0,2029.0,2031.0,2032.0,2032.0,2027.0,2025.0,2024.0,2023.0,2021.0,2020.0,2019.0,2018.0,2015.0,2017.0,2015.0,2020.0,2012.0,2013.0,3107.0,3518.0,3496.0,3353.0,3475.0,3349.0,3170.0,3287.0,3261.0,3342.0,2963.0,3471.0,3458.0,3254.0,3437.0,3234.0,3439.0,3496.0,3398.0,44.180536714,0.019965171
1392.0,1984.0,2197.0,2028.0,2031.0,2026.0,2027.0,2026.0,2030.0,2027.0,2025.0,2030.0,2030.0,2029.0,2029.0,2028.0,2031.0,2033.0,2030.0,2035.0,2030.0,2030.0,2031.0,2030.0,2025.0,3107.0,3518.0,3496.0,3352.0,3475.0,3350.0,3171.0,3286.0,3260.0,3343.0,2963.0,3472.0,3458.0,3254.0,3436.0,3234.0,3440.0,3497.0,3399.0,44.200538082,0.019947793000000002
1393.0,1985.0,2197.0,2024.0,2025.0,2026.0,2025.0,2027.0,2025.0,2026.0,2027.0,2030.0,2029.0,2028.0,2021.0,2025.0,2025.0,2023.0,2022.0,2023.0,2022.0,2025.0,2031.0,2027.0,2025.0,3108.0,3519.0,3496.0,3352.0,3474.0,3350.0,3171.0,3287.0,3261.0,3343.0,2963.0,3471.0,3457.0,3254.0,3437.0,3235.0,3441.0,3497.0,3399.0,44.220536614,0.019934497000000002
1392.0,1984.0,2197.0,2021.0,2025.0,2024.0,2024.0,2023.0,2021.0,2023.0,2020.0,2019.0,2023.0,2022.0,2023.0,2020.0,2018.0,2021.0,2021.0,2022.0,2025.0,2025.0,2030.0,2028.0,2031.0,3107.0,3518.0,3496.0,3352.0,3474.0,3350.0,3171.0,3287.0,3261.0,3343.0,2962.0,3471.0,3457.0,3254.0,3435.0,3235.0,3440.0,3496.0,3399.0,44.240540392,0.019962565
1393.0,1982.0,2197.0,2031.0,2035.0,2034.0,2035.0,2034.0,2034.0,2030.0,2032.0,2033.0,2034.0,2030.0,2029.0,2035.0,2035.0,2036.0,2031.0,2028.0,2029.0,2024.0,2029.0,2025.0,2029.0,3108.0,3519.0,3497.0,3352.0,3474.0,3350.0,3170.0,3287.0,3260.0,3342.0,2963.0,3472.0,3458.0,3254.0,3436.0,3235.0,3440.0,3497.0,3399.0,44.260547511,0.019938423
1392.0,1984.0,2197.0,2021.0,2022.0,2020.0,2014.0,2020.0,2021.0,2022.0,2023.0,2025.0,2025.0,2026.0,2023.0,2023.0,2025.0,2025.0,2020.0,2020.0,2021.0,2019.0,2022.0,2016.0,2023.0,3107.0,3517.0,3496.0,3353.0,3475.0,3349.0,3171.0,3286.0,3261.0,3343.0,2963.0,3471.0,3457.0,3254.0,3437.0,3234.0,3440.0,3496.0,3399.0,44.280537575,0.019931617000000002
1393.0,1984.0,2197.0,2029.0,2024.0,2026.0,2027.0,2029.0,2035.0,2029.0,2027.0,2031.0,2034.0,2032.0,2032.0,2031.0,2034.0,2032.0,2030.0,2034.0,2034.0,2035.0,2036.0,2033.0,2033.0,3107.0,3518.0,3496.0,3352.0,3474.0,3349.0,3172.0,3287.0,3262.0,3343.0,2963.0,3472.0,3457.0,3254.0,3436.0,3234.0,3440.0,3497.0,3399.0,44.300539062,0.019947093000000003
1392.0,1983.0,2197.0,2027.0,2026.0,2029.0,2031.0,2035.0,2032.0,2035.0,2030.0,2029.0,2031.0,2030.0,2030.0,2030.0,2035.0,2028.0,2030.0,2028.0,2026.0,2033.0,2034.0,2030.0,2029.0,3107.0,3518.0,3497.0,3352.0,3474.0,3349.0,3171.0,3287.0,3261.0,3342.0,2963.0,3472.0,3458.0,3254.0,3436.0,3235.0,3439.0,3496.0,3398.0,44.320540155,0.019935755000000003
1392.0,1985.0,2197.0,2029.0,2028.0,2031.0,2034.0,2031.0,2029.0,2030.0,2033.0,2032.0,2026.0,2025.0,2025.0,2021.0,2023.0,2022.0,2023.0,2022.0,2025.0,2022.0,2024.0,2018.0,2016.0,3107.0,3519.0,3497.0,3352.0,3475.0,3350.0,3171.0,3287.0,3261.0,3342.0,2963.0,3471.0,3458.0,3254.0,3437.0,3235.0,3439.0,3496.0,3399.0,44.340539786,0.019934827000000002
1392.0,1984.0,2197.0,2020.0,2024.0,2026.0,2025.0,2026.0,2028.0,2026.0,2024.0,2023.0,2024.0,2025.0,2026.0,2026.0,2026.0,2027.0,2026.0,2024.0,2023.0,2025.0,2027.0,2029.0,2029.0,3107.0,3517.0,3496.0,3354.0,3474.0,3350.0,3171.0,3287.0,3261.0,3343.0,2964.0,3471.0,3456.0,3254.0,3436.0,3235.0,3439.0,3496.0,3399.0,44.360540074,0.019934968
1392.0,1983.0,2197.0,2028.0,2025.0,2026.0,2032.0,2031.0,2033.0,2031.0,2024.0,2026.0,2029.0,2033.0,2031.0,2030.0,2029.0,2029.0,2033.0,2032.0,2031.0,2031.0,2038.0,2030.0,2033.0,3106.0,3517.0,3496.0,3353.0,3474.0,3350.0,3171.0,3288.0,3260.0,3342.0,2963.0,3471.0,3458.0,3254.0,3436.0,3235.0,3440.0,3497.0,3398.0,44.380551394,0.019947605
1392.0,1983.0,2197.0,2019.0,2021.0,2023.0,2025.0,2021.0,2017.0,2021.0,2024.0,2024.0,2027.0,2024.0,2023.0,2025.0,2025.0,2025.0,2020.0,2023.0,2024.0,2024.0,2028.0,2025.0,2021.0,3107.0,3518.0,3497.0,3352.0,3474.0,3350.0,3171.0,3287.0,3261.0,3343.0,2963.0,3472.0,3457.0,3254.0,3436.0,3235.0,3440.0,3497.0,3399.0,44.400540528,0.019921435
1393.0,1983.0,2197.0,2028.0,2029.0,2029.0,2031.0,2031.0,2032.0,2029.0,2026.0,2026.0,2028.0,2030.0,2028.0,2025.0,2027.0,2031.0,2032.0,2024.0,2027.0,2030.0,2029.0,2026.0,2029.0,3107.0,3517.0,3496.0,3351.0,3475.0,3350.0,3172.0,3287.0,3261.0,3342.0,2963.0,3471.0,3457.0,3254.0,3436.0,3234.0,3439.0,3497.0,3399.0,44.420542101,0.019936085000000003
1392.0,1985.0,2197.0,2028.0,2029.0,2034.0,2034.0,2035.0,2041.0,2041.0,2040.0,2037.0,2036.0,2035.0,2035.0,2033.0,2034.0,2033.0,2036.0,2032.0,2031.0,2036.0,2035.0,2032.0,2033.0,3107.0,3516.0,3496.0,3352.0,3475.0,3350.0,3171.0,3287.0,3261.0,3343.0,2963.0,3471.0,3457.0,3254.0,3437.0,3235.0,3439.0,3496.0,3399.0,44.440540761,0.019921139
1392.0,1983.0,2197.0,2020.0,2021.0,2019.0,2018.0,2022.0,2027.0,2026.0,2027.0,2030.0,2027.0,2024.0,2024.0,2026.0,2024.0,2025.0,2025.0,2026.0,2024.0,2021.0,2024.0,2024.0,2029.0,3107.0,3518.0,3496.0,3352.0,3474.0,3349.0,3170.0,3287.0,3260.0,3342.0,2963.0,3471.0,3457.0,3254.0,3437.0,3235.0,3440.0,3496.0,3399.0,44.460541194,0.019940106000000003
1392.0,1985.0,2197.0,2023.0,2024.0,2026.0,2026.0,2024.0,2022.0,2025.0,2026.0,2024.0,2024.0,2024.0,2027.0,2029.0,2024.0,2027.0,2027.0,2029.0,2027.0,2030.0,2033.0,2032.0,2028.0,3108.0,3517.0,3497.0,3353.0,3475.0,3350.0,3171.0,3288.0,3261.0,3344.0,2963.0,3471.0,3457.0,3254.0,3436.0,3235.0,3440.0,3495.0,3398.0,44.480539973,0.019954901
1392.0,1983.0,2196.0,2039.0,2039.0,2040.0,2035.0,2033.0,2035.0,2031.0,2030.0,2030.0,2029.0,2035.0,2036.0,2032.0,2033.0,2032.0,2030.0,2030.0,2032.0,2033.0,2035.0,2033.0,2033.0,3108.0,3518.0,3496.0,3352.0,3475.0,3350.0,3171.0,3287.0,3260.0,3343.0,2963.0,3472.0,3457.0,3254.0,3436.0,3235.0,3439.0,3497.0,3398.0,44.500541896,0.01996156
1393.0,1983.0,2196.0,2034.0,2035.0,2038.0,2038.0,2038.0,2038.0,2036.0,2036.0,2033.0,2032.0,2032.0,2031.0,2032.0,2031.0,2031.0,2030.0,2032.0,2029.0,2028.0,2029.0,2029.0,2030.0,3107.0,3518.0,3497.0,3353.0,3474.0,3349.0,3171.0,3286.0,3261.0,3342.0,2963.0,3471.0,3459.0,3254.0,3436.0,3235.0,3439.0,3496.0,3398.0,44.520541135,0.019937995
1392.0,1986.0,2197.0,2016.0,2015.0,2018.0,2013.0,2018.0,2019.0,2019.0,2021.0,2022.0,2017.0,2015.0,2016.0,2015.0,2020.0,2019.0,2018.0,2018.0,2020.0,2021.0,2023.0,2018.0,2021.0,3107.0,3518.0,3496.0,3352.0,3475.0,3350.0,3172.0,3287.0,3260.0,3342.0,2963.0,3472.0,3458.0,3255.0,3437.0,3235.0,3440.0,3495.0,3398.0,44.540541814,0.01995977
1392.0,1984.0,2197.0,2019.0,2018.0,2022.0,2021.0,2024.0,2026.0,2026.0,2025.0,2025.0,2023.0,2023.0,2021.0,2026.0,2023.0,2025.0,2025.0,2025.0,2023.0,2023.0,2027.0,2024.0,2021.0,3107.0,3518.0,3496.0,3353.0,3475.0,3351.0,3172.0,3287.0,3261.0,3343.0,2963.0,3471.0,3457.0,3255.0,3436.0,3235.0,3440.0,3497.0,3399.0,44.560539922,0.019935912
1392.0,1982.0,2197.0,2030.0,2031.0,2031.0,2032.0,2034.0,2035.0,2034.0,2031.0,2030.0,2035.0,2030.0,2029.0,2031.0,2030.0,2029.0,2028.0,2029.0,2033.0,2030.0,2028.0,2028.0,2029.0,3107.0,3518.0,3497.0,3352.0,3474.0,3350.0,3171.0,3286.0,3261.0,3343.0,2964.0,3472.0,3458.0,3254.0,3436.0,3235.0,3440.0,3497.0,3400.0,44.58054182,0.019964078
1392.0,1984.0,2197.0,2037.0,2039.0,2035.0,2037.0,2039.0,2038.0,2033.0,2031.0,2030.0,2034.0,2038.0,2035.0,2033.0,2030.0,2034.0,2034.0,2035.0,2032.0,2033.0,2036.0,2032.0,2030.0,3107.0,3518.0,3496.0,3352.0,3474.0,3349.0,3172.0,3287.0,3260.0,3343.0,2963.0,3471.0,3457.0,3254.0,3437.0,3235.0,3440.0,3496.0,3398.0,44.600543027,0.019959982
1393.0,1986.0,2197.0,2028.0,2023.0,2026.0,2025.0,2028.0,2029.0,2031.0,2029.0,2033.0,2033.0,2033.0,2035.0,2037.0,2036.0,2036.0,2036.0,2038.0,2041.0,2039.0,2041.0,2037.0,2032.0,3107.0,3518.0,3496.0,3352.0,3474.0,3350.0,3171.0,3286.0,3261.0,3343.0,2963.0,3471.0,3458.0,3254.0,3436.0,3235.0,3439.0,3496.0,3398.0,44.62054436,0.019935153
1392.0,1986.0,2196.0,2031.0,2028.0,2029.0,2030.0,2029.0,2033.0,2029.0,2027.0,2028.0,2030.0,2027.0,2027.0,2024.0,2019.0,2021.0,2023.0,2024.0,2025.0,2023.0,2021.0,2017.0,2020.0,3107.0,3518.0,3496.0,3352.0,3475.0,3349.0,3171.0,3286.0,3260.0,3343.0,2963.0,3472.0,3457.0,3255.0,3437.0,3235.0,3439.0,3496.0,3399.0,44.640543418,0.0199329
1392.0,1986.0,2197.0,2028.0,2029.0,2031.0,2034.0,2038.0,2037.0,2034.0,2031.0,2033.0,2032.0,2030.0,2032.0,2032.0,2032.0,2030.0,2026.0,2026.0,2026.0,2028.0,2028.0,2027.0,2023.0,3107.0,3519.0,3496.0,3352.0,3474.0,3350.0,3171.0,3287.0,3261.0,3343.0,2962.0,3471.0,3458.0,3254.0,3437.0,3235.0,3440.0,3496.0,3399.0,44.6605437,0.019937262
1392.0,1986.0,2196.0,2029.0,2029.0,2029.0,2029.0,2029.0,2030.0,2030.0,2027.0,2026.0,2030.0,2031.0,2029.0,2031.0,2033.0,2030.0,2024.0,2025.0,2023.0,2026.0,2030.0,2029.0,2025.0,3108.0,3519.0,3497.0,3352.0,3474.0,3350.0,3171.0,3287.0,3261.0,3343.0,2963.0,3472.0,3457.0,3254.0,3436.0,3235.0,3439.0,3496.0,3398.0,44.680542098000004,0.01995258
1392.0,1984.0,2197.0,2025.0,2023.0,2025.0,2025.0,2028.0,2025.0,2025.0,2023.0,2023.0,2022.0,2024.0,2020.0,2024.0,2021.0,2015.0,2018.0,2020.0,2019.0,2029.0,2032.0,2030.0,2028.0,3107.0,3518.0,3496.0,3353.0,3475.0,3350.0,3171.0,3286.0,3261.0,3343.0,2963.0,3470.0,3458.0,3254.0,3436.0,3234.0,3441.0,3496.0,3399.0,44.700543859,0.019950578
1392.0,1985.0,2196.0,2040.0,2042.0,2043.0,2041.0,2041.0,2041.0,2043.0,2037.0,2038.0,2035.0,2030.0,2030.0,2030.0,2033.0,2028.0,2029.0,2026.0,2034.0,2031.0,2035.0,2029.0,2028.0,3107.0,3518.0,3496.0,3352.0,3474.0,3349.0,3171.0,3287.0,3261.0,3343.0,2963.0,3472.0,3457.0,3254.0,3437.0,3235.0,3440.0,3497.0,3399.0,44.72054519,0.019940638
1392.0,1985.0,2196.0,2024.0,2022.0,2026.0,2024.0,2026.0,2027.0,2025.0,2021.0,2025.0,2026.0,2027.0,2027.0,2027.0,2023.0,2028.0,2029.0,2026.0,2030.0,2023.0,2031.0,2028.0,2023.0,3107.0,3518.0,3497.0,3353.0,3474.0,3349.0,3171.0,3287.0,3260.0,3343.0,2963.0,3472.0,3458.0,3253.0,3436.0,3235.0,3439.0,3496.0,3399.0,44.740547132,0.019936491
1392.0,1986.0,2196.0,2022.0,2021.0,2020.0,2018.0,2019.0,2022.0,2025.0,2026.0,2025.0,2024.0,2023.0,2021.0,2022.0,2023.0,2025.0,2021.0,2020.0,2022.0,2021.0,2021.0,2016.0,2015.0,3107.0,3518.0,3496.0,3352.0,3474.0,3350.0,3171.0,3286.0,3261.0,3344.0,2963.0,3472.0,3457.0,3254.0,3436.0,3234.0,3440.0,3496.0,3399.0,44.760542663,0.019928018000000002
1393.0,1985.0,2196.0,2035.0,2038.0,2038.0,2039.0,2041.0,2040.0,2041.0,2039.0,2042.0,2042.0,2041.0,2044.0,2044.0,2040.0,2042.0,2041.0,2038.0,2040.0,2037.0,2037.0,2033.0,2031.0,3106.0,3518.0,3497.0,3353.0,3475.0,3350.0,3171.0,3287.0,3262.0,3343.0,2962.0,3471.0,3458.0,3254.0,3436.0,3235.0,3439.0,3496.0,3399.0,44.780542908,0.019962245
1392.0,1984.0,2196.0,2016.0,2017.0,2016.0,2021.0,2017.0,2020.0,2019.0,2017.0,2016.0,2020.0,2023.0,2026.0,2027.0,2027.0,2030.0,2028.0,2027.0,2028.0,2030.0,2034.0,2032.0,2031.0,3107.0,3518.0,3497.0,3353.0,3474.0,3350.0,3171.0,3287.0,3260.0,3343.0,2963.0,3472.0,3457.0,3254.0,3436.0,3235.0,3439.0,3495.0,3398.0,44.800545187,0.01996279
1393.0,1985.0,2196.0,2033.0,2035.0,2034.0,2034.0,2032.0,2032.0,2029.0,2030.0,2032.0,2029.0,2029.0,2029.0,2029.0,2026.0,2027.0,2028.0,2026.0,2027.0,2024.0,2027.0,2025.0,2023.0,3106.0,3519.0,3497.0,3353.0,3475.0,3350.0,3171.0,3287.0,3261.0,3343.0,2963.0,3472.0,3458.0,3255.0,3437.0,3235.0,3439.0,3497.0,3399.0,44.820545982,0.019939445
1392.0,1984.0,2197.0,2024.0,2025.0,2022.0,2022.0,2022.0,2025.0,2023.0,2024.0,2020.0,2023.0,2026.0,2021.0,2019.0,2016.0,2020.0,2021.0,2019.0,2023.0,2021.0,2024.0,2020.0,2022.0,3108.0,3518.0,3497.0,3353.0,3474.0,3349.0,3172.0,3287.0,3260.0,3342.0,2962.0,3471.0,3458.0,3254.0,3435.0,3235.0,3440.0,3496.0,3398.0,44.840543358,0.019933744
1392.0,1986.0,2196.0,2035.0,2037.0,2033.0,2034.0,2036.0,2038.0,2035.0,2035.0,2033.0,2035.0,2033.0,2035.0,2034.0,2038.0,2035.0,2037.0,2035.0,2030.0,2032.0,2028.0,2027.0,2030.0,3107.0,3518.0,3497.0,3353.0,3474.0,3350.0,3172.0,3288.0,3260.0,3343.0,2963.0,3472.0,3456.0,3255.0,3437.0,3234.0,3438.0,3496.0,3399.0,44.860543603,0.019963754
1392.0,1985.0,2197.0,2029.0,2031.0,2033.0,2035.0,2031.0,2027.0,2028.0,2026.0,2028.0,2028.0,2024.0,2024.0,2025.0,2024.0,2025.0,2025.0,2030.0,2029.0,2029.0,2026.0,2020.0,2023.0,3108.0,3519.0,3496.0,3353.0,3475.0,3350.0,3171.0,3287.0,3261.0,3342.0,2963.0,3471.0,3458.0,3253.0,3436.0,3234.0,3439.0,3496.0,3399.0,44.880545309,0.019964534000000003
1392.0,1985.0,2197.0,2033.0,2028.0,2029.0,2029.0,2028.0,2034.0,2032.0,2031.0,2033.0,2031.0,2031.0,2035.0,2034.0,2034.0,2034.0,2033.0,2033.0,2031.0,2033.0,2034.0,2029.0,2030.0,3107.0,3517.0,3496.0,3352.0,3474.0,3349.0,3171.0,3287.0,3260.0,3343.0,2963.0,3471.0,3458.0,3254.0,3436.0,3235.0,3440.0,3497.0,3399.0,44.900546421,0.019961736
1392.0,1985.0,2196.0,2023.0,2023.0,2022.0,2021.0,2026.0,2025.0,2023.0,2021.0,2025.0,2025.0,2026.0,2031.0,2032.0,2027.0,2029.0,2029.0,2028.0,2031.0,2027.0,2030.0,2028.0,2028.0,3107.0,3518.0,3497.0,3353.0,3475.0,3350.0,3171.0,3287.0,3261.0,3343.0,2963.0,3472.0,3457.0,3254.0,3436.0,3235.0,3440.0,3497.0,3399.0,44.920547688,0.019940262
1393.0,1987.0,2196.0,2026.0,2023.0,2024.0,2025.0,2023.0,2024.0,2021.0,2023.0,2023.0,2024.0,2022.0,2025.0,2024.0,2024.0,2025.0,2025.0,2027.0,2028.0,2030.0,2034.0,2032.0,2029.0,3107.0,3518.0,3498.0,3352.0,3475.0,3350.0,3172.0,3287.0,3260.0,3342.0,2963.0,3472.0,3457.0,3254.0,3436.0,3235.0,3440.0,3496.0,3399.0,44.940547302,0.019936556
1392.0,1987.0,2197.0,2029.0,2028.0,2024.0,2021.0,2023.0,2026.0,2026.0,2025.0,2029.0,2026.0,2026.0,2025.0,2027.0,2026.0,2024.0,2024.0,2016.0,2019.0,2017.0,2019.0,2015.0,2019.0,3107.0,3518.0,3497.0,3353.0,3474.0,3350.0,3170.0,3287.0,3261.0,3343.0,2963.0,3471.0,3457.0,3254.0,3437.0,3235.0,3440.0,3496.0,3398.0,44.960544962,0.019939382000000002
1393.0,1987.0,2197.0,2030.0,2028.0,2027.0,2026.0,2027.0,2028.0,2024.0,2019.0,2023.0,2022.0,2020.0,2018.0,2025.0,2022.0,2025.0,2024.0,2022.0,2028.0,2023.0,2023.0,2017.0,2015.0,3107.0,3519.0,3497.0,3353.0,3475.0,3350.0,3171.0,3287.0,3260.0,3343.0,2963.0,3471.0,3457.0,3254.0,3437.0,3234.0,3440.0,3497.0,3399.0,44.98054543,0.019958305000000003
1392.0,1985.0,2196.0,2029.0,2028.0,2025.0,2029.0,2025.0,2027.0,2026.0,2025.0,2024.0,2023.0,2028.0,2026.0,2023.0,2026.0,2023.0,2021.0,2019.0,2022.0,2020.0,2023.0,2021.0,2017.0,3107.0,3518.0,3497.0,3353.0,3475.0,3350.0,3171.0,3287.0,3260.0,3343.0,2962.0,3472.0,3458.0,3254.0,3437.0,3234.0,3440.0,3497.0,3399.0,45.000549664,0.019964323000000003
1393.0,1983.0,2196.0,2025.0,2026.0,2026.0,2024.0,2022.0,2025.0,2024.0,2023.0,2022.0,2021.0,2025.0,2029.0,2028.0,2026.0,2027.0,2024.0,2021.0,2023.0,2019.0,2024.0,2021.0,2021.0,3107.0,3518.0,3496.0,3352.0,3475.0,3350.0,3171.0,3287.0,3261.0,3343.0,2962.0,3472.0,3457.0,3253.0,3436.0,3234.0,3439.0,3497.0,3399.0,45.020547884,0.019915718000000002
1393.0,1982.0,2196.0,2038.0,2042.0,2038.0,2040.0,2042.0,2048.0,2045.0,2043.0,2039.0,2039.0,2035.0,2037.0,2041.0,2041.0,2037.0,2036.0,2037.0,2037.0,2032.0,2041.0,2040.0,2033.0,3108.0,3518.0,3497.0,3353.0,3475.0,3350.0,3171.0,3287.0,3261.0,3343.0,2963.0,3471.0,3457.0,3254.0,3436.0,3234.0,3440.0,3497.0,3398.0,45.040546154,0.019934112
1392.0,1985.0,2196.0,2035.0,2032.0,2035.0,2034.0,2033.0,2034.0,2032.0,2032.0,2030.0,2028.0,2033.0,2032.0,2026.0,2028.0,2029.0,2033.0,2033.0,2030.0,2032.0,2035.0,2036.0,2034.0,3107.0,3518.0,3497.0,3352.0,3475.0,3350.0,3171.0,3288.0,3262.0,3343.0,2963.0,3472.0,3458.0,3254.0,3436.0,3234.0,3439.0,3496.0,3399.0,45.060546355,0.019968593
1392.0,1986.0,2197.0,2027.0,2025.0,2021.0,2025.0,2019.0,2023.0,2023.0,2024.0,2025.0,2020.0,2021.0,2020.0,2024.0,2025.0,2025.0,2025.0,2027.0,2027.0,2030.0,2033.0,2028.0,2029.0,3107.0,3518.0,3496.0,3353.0,3475.0,3351.0,3171.0,3287.0,3260.0,3343.0,2963.0,3471.0,3458.0,3255.0,3436.0,3235.0,3439.0,3497.0,3398.0,45.080548789,0.01996438
1392.0,1987.0,2197.0,2033.0,2035.0,2035.0,2033.0,2030.0,2034.0,2035.0,2029.0,2030.0,2026.0,2024.0,2023.0,2020.0,2022.0,2019.0,2016.0,2018.0,2016.0,2018.0,2020.0,2020.0,2017.0,3107.0,3518.0,3497.0,3352.0,3474.0,3351.0,3171.0,3286.0,3261.0,3343.0,2963.0,3471.0,3458.0,3254.0,3437.0,3235.0,3441.0,3497.0,3399.0,45.100548852,0.019953791000000002
1392.0,1984.0,2197.0,2018.0,2020.0,2021.0,2017.0,2017.0,2016.0,2017.0,2017.0,2020.0,2022.0,2017.0,2020.0,2018.0,2023.0,2022.0,2023.0,2023.0,2023.0,2022.0,2028.0,2021.0,2022.0,3107.0,3518.0,3497.0,3353.0,3474.0,3350.0,3171.0,3286.0,3260.0,3343.0,2962.0,3471.0,3458.0,3254.0,3437.0,3235.0,3440.0,3498.0,3399.0,45.120549493,0.019940748
1392.0,1985.0,2197.0,2020.0,2023.0,2020.0,2019.0,2021.0,2022.0,2022.0,2022.0,2022.0,2024.0,2025.0,2026.0,2027.0,2029.0,2026.0,2032.0,2030.0,2029.0,2030.0,2032.0,2029.0,2032.0,3108.0,3518.0,3496.0,3353.0,3475.0,3350.0,3171.0,3287.0,3261.0,3343.0,2963.0,3471.0,3458.0,3255.0,3437.0,3235.0,3440.0,3497.0,3398.0,45.140548566,0.019933883000000003
1393.0,1987.0,2196.0,2029.0,2032.0,2033.0,2033.0,2034.0,2030.0,2031.0,2032.0,2027.0,2027.0,2026.0,2026.0,2029.0,2027.0,2029.0,2030.0,2029.0,2029.0,2025.0,2028.0,2025.0,2026.0,3107.0,3519.0,3496.0,3353.0,3474.0,3350.0,3171.0,3286.0,3261.0,3342.0,2963.0,3471.0,3457.0,3254.0,3437.0,3235.0,3440.0,3497.0,3399.0,45.160547463,0.019964101
1393.0,1986.0,2197.0,2030.0,2029.0,2025.0,2022.0,2023.0,2023.0,2026.0,2024.0,2023.0,2025.0,2023.0,2020.0,2020.0,2022.0,2021.0,2019.0,2016.0,2018.0,2018.0,2019.0,2018.0,2020.0,3107.0,3518.0,3496.0,3353.0,3474.0,3350.0,3172.0,3286.0,3261.0,3342.0,2964.0,3471.0,3457.0,3254.0,3437.0,3234.0,3439.0,3496.0,3399.0,45.1805487,0.01996417
1392.0,1984.0,2197.0,2024.0,2023.0,2024.0,2020.0,2021.0,2022.0,2023.0,2019.0,2021.0,2019.0,2020.0,2016.0,2015.0,2021.0,2020.0,2022.0,2022.0,2024.0,2028.0,2034.0,2031.0,2030.0,3108.0,3518.0,3495.0,3353.0,3475.0,3350.0,3171.0,3287.0,3261.0,3343.0,2963.0,3471.0,3458.0,3254.0,3437.0,3235.0,3440.0,3497.0,3399.0,45.200549964,0.019962986000000002
1393.0,1986.0,2197.0,2034.0,2029.0,2029.0,2030.0,2029.0,2029.0,2029.0,2029.0,2029.0,2031.0,2029.0,2027.0,2027.0,2028.0,2028.0,2026.0,2026.0,2029.0,2030.0,2031.0,2028.0,2027.0,3107.0,3519.0,3496.0,3353.0,3474.0,3350.0,3172.0,3288.0,3261.0,3343.0,2963.0,3471.0,3457.0,3254.0,3437.0,3234.0,3440.0,3496.0,3399.0,45.220555487,0.0199405
1393.0,1986.0,2197.0,2028.0,2026.0,2029.0,2027.0,2024.0,2027.0,2029.0,2029.0,2033.0,2034.0,2033.0,2031.0,2026.0,2027.0,2033.0,2031.0,2029.0,2035.0,2030.0,2038.0,2033.0,2029.0,3108.0,3518.0,3495.0,3353.0,3474.0,3350.0,3171.0,3287.0,3261.0,3343.0,2963.0,3471.0,3457.0,3255.0,3436.0,3234.0,3440.0,3496.0,3399.0,45.240549148,0.019918099
1393.0,1986.0,2197.0,2032.0,2032.0,2033.0,2032.0,2030.0,2031.0,2030.0,2032.0,2031.0,2033.0,2029.0,2027.0,2028.0,2029.0,2030.0,2029.0,2029.0,2033.0,2032.0,2032.0,2027.0,2027.0,3108.0,3518.0,3497.0,3353.0,3474.0,3350.0,3171.0,3287.0,3261.0,3343.0,2963.0,3472.0,3457.0,3254.0,3437.0,3234.0,3439.0,3496.0,3399.0,45.260552766,0.019961006
1393.0,1985.0,2197.0,2019.0,2014.0,2019.0,2019.0,2020.0,2017.0,2015.0,2015.0,2016.0,2018.0,2021.0,2023.0,2021.0,2025.0,2024.0,2021.0,2021.0,2020.0,2024.0,2025.0,2020.0,2024.0,3107.0,3518.0,3496.0,3353.0,3475.0,3350.0,3171.0,3288.0,3261.0,3342.0,2963.0,3472.0,3456.0,3254.0,3436.0,3234.0,3439.0,3497.0,3399.0,45.280551149,0.019923859000000002
1392.0,1985.0,2196.0,2032.0,2032.0,2029.0,2032.0,2034.0,2035.0,2031.0,2030.0,2034.0,2033.0,2032.0,2035.0,2036.0,2033.0,2032.0,2033.0,2028.0,2030.0,2027.0,2033.0,2029.0,2026.0,3107.0,3518.0,3497.0,3353.0,3475.0,3350.0,3171.0,3286.0,3262.0,3342.0,2963.0,3472.0,3458.0,3254.0,3436.0,3236.0,3439.0,3496.0,3398.0,45.300553107,0.019937725
1393.0,1985.0,2197.0,2032.0,2028.0,2029.0,2035.0,2035.0,2034.0,2033.0,2030.0,2032.0,2034.0,2035.0,2034.0,2031.0,2033.0,2029.0,2029.0,2029.0,2025.0,2029.0,2031.0,2029.0,2026.0,3108.0,3519.0,3497.0,3352.0,3475.0,3349.0,3171.0,3288.0,3262.0,3343.0,2963.0,3471.0,3458.0,3254.0,3436.0,3234.0,3440.0,3497.0,3399.0,45.320553315,0.0199305
1393.0,1984.0,2196.0,2031.0,2033.0,2034.0,2031.0,2032.0,2033.0,2033.0,2032.0,2028.0,2029.0,2027.0,2023.0,2028.0,2026.0,2026.0,2027.0,2033.0,2034.0,2029.0,2029.0,2027.0,2027.0,3107.0,3519.0,3496.0,3353.0,3476.0,3350.0,3172.0,3288.0,3262.0,3343.0,2963.0,3471.0,3458.0,3254.0,3437.0,3236.0,3439.0,3496.0,3399.0,45.340550308,0.019926262
1393.0,1984.0,2197.0,2014.0,2018.0,2019.0,2024.0,2024.0,2024.0,2022.0,2022.0,2023.0,2025.0,2024.0,2024.0,2025.0,2023.0,2023.0,2021.0,2019.0,2018.0,2023.0,2022.0,2019.0,2020.0,3108.0,3518.0,3496.0,3353.0,3474.0,3350.0,3171.0,3287.0,3261.0,3343.0,2963.0,3471.0,3458.0,3254.0,3436.0,3234.0,3439.0,3496.0,3399.0,45.360550618,0.019958054000000003
1393.0,1985.0,2196.0,2034.0,2033.0,2035.0,2034.0,2032.0,2030.0,2030.0,2027.0,2031.0,2034.0,2035.0,2032.0,2035.0,2033.0,2031.0,2029.0,2027.0,2027.0,2026.0,2031.0,2029.0,2030.0,3107.0,3517.0,3496.0,3353.0,3474.0,3350.0,3172.0,3286.0,3261.0,3342.0,2963.0,3472.0,3458.0,3254.0,3437.0,3235.0,3440.0,3496.0,3399.0,45.380552648,0.019962048
1393.0,1986.0,2196.0,2029.0,2027.0,2028.0,2029.0,2031.0,2027.0,2027.0,2027.0,2031.0,2027.0,2022.0,2026.0,2028.0,2026.0,2028.0,2029.0,2025.0,2028.0,2031.0,2033.0,2028.0,2029.0,3107.0,3517.0,3497.0,3353.0,3475.0,3350.0,3171.0,3287.0,3262.0,3342.0,2963.0,3471.0,3458.0,3255.0,3437.0,3236.0,3440.0,3496.0,3399.0,45.400552604,0.019921119
1393.0,1986.0,2197.0,2025.0,2026.0,2029.0,2028.0,2027.0,2028.0,2027.0,2024.0,2025.0,2020.0,2019.0,2018.0,2022.0,2024.0,2021.0,2021.0,2020.0,2015.0,2015.0,2019.0,2015.0,2017.0,3107.0,3518.0,3497.0,3352.0,3475.0,3349.0,3171.0,3287.0,3262.0,3343.0,2963.0,3471.0,3458.0,3254.0,3436.0,3234.0,3440.0,3497.0,3399.0,45.420557778,0.019946729
1393.0,1986.0,2197.0,2029.0,2024.0,2024.0,2025.0,2027.0,2027.0,2022.0,2023.0,2020.0,2018.0,2021.0,2023.0,2023.0,2024.0,2018.0,2026.0,2024.0,2023.0,2026.0,2027.0,2028.0,2030.0,3107.0,3518.0,3496.0,3353.0,3475.0,3350.0,3171.0,3286.0,3261.0,3343.0,2964.0,3472.0,3459.0,3255.0,3435.0,3235.0,3439.0,3496.0,3398.0,45.440555347,0.019919038
1393.0,1985.0,2197.0,2034.0,2029.0,2034.0,2035.0,2036.0,2029.0,2029.0,2029.0,2029.0,2028.0,2025.0,2026.0,2027.0,2025.0,2021.0,2023.0,2027.0,2024.0,2024.0,2022.0,2023.0,2027.0,3108.0,3518.0,3497.0,3352.0,3475.0,3350.0,3173.0,3288.0,3261.0,3343.0,2963.0,3470.0,3457.0,3254.0,3437.0,3235.0,3440.0,3496.0,3399.0,45.4605542,0.019922725000000002
1393.0,1986.0,2197.0,2028.0,2027.0,2028.0,2028.0,2027.0,2027.0,2026.0,2029.0,2027.0,2033.0,2034.0,2030.0,2027.0,2031.0,2035.0,2033.0,2031.0,2031.0,2032.0,2033.0,2032.0,2029.0,3108.0,3517.0,3497.0,3352.0,3475.0,3350.0,3172.0,3287.0,3262.0,3343.0,2963.0,3472.0,3458.0,3254.0,3436.0,3235.0,3440.0,3497.0,3399.0,45.480552702,0.019931302
1393.0,1986.0,2197.0,2026.0,2023.0,2024.0,2023.0,2026.0,2025.0,2019.0,2022.0,2022.0,2026.0,2026.0,2028.0,2023.0,2025.0,2029.0,2027.0,2027.0,2030.0,2029.0,2030.0,2027.0,2029.0,3108.0,3518.0,3497.0,3353.0,3474.0,3349.0,3171.0,3288.0,3261.0,3341.0,2964.0,3471.0,3457.0,3254.0,3436.0,3235.0,3440.0,3497.0,3399.0,45.500555957,0.019945641
1393.0,1984.0,2197.0,2036.0,2037.0,2036.0,2034.0,2037.0,2038.0,2038.0,2037.0,2031.0,2029.0,2025.0,2029.0,2029.0,2026.0,2025.0,2025.0,2021.0,2024.0,2026.0,2027.0,2024.0,2027.0,3107.0,3518.0,3497.0,3353.0,3474.0,3350.0,3172.0,3287.0,3261.0,3343.0,2963.0,3471.0,3458.0,3254.0,3437.0,3234.0,3440.0,3497.0,3398.0,45.52055605,0.019935506000000002
1393.0,1985.0,2196.0,2031.0,2032.0,2030.0,2031.0,2035.0,2033.0,2034.0,2032.0,2031.0,2036.0,2032.0,2035.0,2037.0,2042.0,2041.0,2041.0,2040.0,2037.0,2037.0,2042.0,2038.0,2033.0,3107.0,3517.0,3496.0,3353.0,3474.0,3350.0,3172.0,3288.0,3261.0,3343.0,2963.0,3472.0,3458.0,3254.0,3437.0,3235.0,3439.0,3496.0,3399.0,45.540552857,0.019927655000000002
1393.0,1983.0,2196.0,2023.0,2021.0,2021.0,2022.0,2021.0,2021.0,2021.0,2019.0,2025.0,2024.0,2028.0,2033.0,2032.0,2033.0,2030.0,2031.0,2032.0,2027.0,2027.0,2032.0,2031.0,2033.0,3108.0,3518.0,3496.0,3352.0,3474.0,3350.0,3172.0,3287.0,3261.0,3343.0,2962.0,3472.0,3458.0,3255.0,3436.0,3235.0,3440.0,3496.0,3399.0,45.560556049,0.019961897000000003
1393.0,1984.0,2197.0,2029.0,2024.0,2023.0,2020.0,2018.0,2016.0,2015.0,2016.0,2016.0,2015.0,2014.0,2014.0,2015.0,2021.0,2020.0,2022.0,2022.0,2025.0,2024.0,2026.0,2021.0,2022.0,3108.0,3518.0,3497.0,3353.0,3474.0,3350.0,3171.0,3288.0,3261.0,3343.0,2963.0,3472.0,3457.0,3254.0,3437.0,3234.0,3441.0,3496.0,3399.0,45.580557027,0.019935823000000002
1393.0,1983.0,2196.0,2039.0,2043.0,2041.0,2039.0,2035.0,2032.0,2032.0,2030.0,2029.0,2030.0,2032.0,2034.0,2029.0,2029.0,2030.0,2029.0,2028.0,2029.0,2027.0,2029.0,2026.0,2027.0,3107.0,3518.0,3496.0,3353.0,3475.0,3351.0,3171.0,3287.0,3262.0,3343.0,2963.0,3472.0,3458.0,3254.0,3436.0,3235.0,3439.0,3497.0,3398.0,45.600557203,0.019930100000000003
1393.0,1983.0,2197.0,2031.0,2034.0,2037.0,2038.0,2041.0,2037.0,2038.0,2037.0,2035.0,2037.0,2038.0,2036.0,2037.0,2034.0,2035.0,2037.0,2036.0,2036.0,2032.0,2036.0,2033.0,2030.0,3107.0,3517.0,3497.0,3352.0,3474.0,3350.0,3172.0,3287.0,3261.0,3343.0,2962.0,3471.0,3457.0,3255.0,3436.0,3235.0,3439.0,3497.0,3399.0,45.620557378,0.019937055000000002
1393.0,1984.0,2196.0,2027.0,2021.0,2023.0,2026.0,2023.0,2027.0,2025.0,2024.0,2028.0,2026.0,2027.0,2024.0,2030.0,2028.0,2031.0,2029.0,2028.0,2026.0,2024.0,2028.0,2025.0,2023.0,3108.0,3518.0,3497.0,3352.0,3475.0,3350.0,3172.0,3287.0,3261.0,3342.0,2962.0,3472.0,3458.0,3254.0,3436.0,3235.0,3441.0,3496.0,3400.0,45.640554164,0.019928346
1393.0,1984.0,2197.0,2034.0,2034.0,2031.0,2036.0,2039.0,2039.0,2038.0,2037.0,2037.0,2037.0,2036.0,2036.0,2034.0,2031.0,2035.0,2031.0,2033.0,2030.0,2029.0,2028.0,2027.0,2026.0,3107.0,3518.0,3498.0,3353.0,3475.0,3349.0,3172.0,3287.0,3261.0,3343.0,2963.0,3472.0,3457.0,3254.0,3436.0,3234.0,3440.0,3497.0,3399.0,45.660558117,0.019964136
1393.0,1984.0,2196.0,2029.0,2035.0,2033.0,2032.0,2034.0,2033.0,2032.0,2033.0,2031.0,2031.0,2031.0,2032.0,2035.0,2036.0,2033.0,2030.0,2027.0,2024.0,2026.0,2028.0,2023.0,2023.0,3107.0,3519.0,3497.0,3353.0,3474.0,3351.0,3171.0,3287.0,3261.0,3343.0,2963.0,3472.0,3458.0,3254.0,3437.0,3235.0,3440.0,3497.0,3399.0,45.68055795,0.019927757
1393.0,1986.0,2196.0,2021.0,2017.0,2020.0,2018.0,2015.0,2017.0,2020.0,2018.0,2019.0,2019.0,2021.0,2023.0,2026.0,2026.0,2026.0,2024.0,2021.0,2021.0,2020.0,2025.0,2023.0,2023.0,3107.0,3518.0,3497.0,3353.0,3474.0,3350.0,3171.0,3287.0,3262.0,3344.0,2963.0,3471.0,3458.0,3254.0,3436.0,3234.0,3440.0,3497.0,3398.0,45.700558019,0.019934794000000002
1393.0,1984.0,2196.0,2024.0,2023.0,2021.0,2020.0,2019.0,2020.0,2019.0,2022.0,2025.0,2021.0,2020.0,2023.0,2021.0,2022.0,2026.0,2025.0,2025.0,2027.0,2026.0,2026.0,2023.0,2023.0,3107.0,3519.0,3497.0,3353.0,3475.0,3350.0,3172.0,3287.0,3260.0,3342.0,2963.0,3471.0,3457.0,3254.0,3437.0,3235.0,3440.0,3497.0,3399.0,45.720558455,0.019932384
1393.0,1984.0,2197.0,2031.0,2026.0,2026.0,2029.0,2026.0,2029.0,2029.0,2029.0,2027.0,2028.0,2027.0,2028.0,2028.0,2026.0,2026.0,2024.0,2024.0,2025.0,2021.0,2026.0,2024.0,2022.0,3107.0,3519.0,3496.0,3352.0,3475.0,3350.0,3172.0,3287.0,3261.0,3343.0,2963.0,3471.0,3457.0,3255.0,3437.0,3235.0,3440.0,3497.0,3398.0,45.740559147,0.01993377
1393.0,1986.0,2197.0,2029.0,2028.0,2031.0,2028.0,2023.0,2028.0,2028.0,2028.0,2029.0,2028.0,2032.0,2031.0,2032.0,2028.0,2031.0,2032.0,2035.0,2036.0,2039.0,2041.0,2038.0,2036.0,3108.0,3518.0,3497.0,3353.0,3475.0,3350.0,3171.0,3287.0,3261.0,3343.0,2963.0,3471.0,3458.0,3254.0,3437.0,3235.0,3439.0,3497.0,3398.0,45.760558255,0.019923123
1393.0,1985.0,2197.0,2008.0,2011.0,2013.0,2013.0,2014.0,2014.0,2012.0,2013.0,2018.0,2018.0,2015.0,2021.0,2019.0,2020.0,2024.0,2024.0,2030.0,2028.0,2033.0,2035.0,2031.0,2030.0,3108.0,3518.0,3496.0,3352.0,3475.0,3350.0,3172.0,3287.0,3261.0,3342.0,2962.0,3472.0,3458.0,3255.0,3437.0,3235.0,3439.0,3496.0,3399.0,45.780555452,0.019932347
1393.0,1985.0,2196.0,2033.0,2035.0,2033.0,2035.0,2033.0,2030.0,2028.0,2023.0,2025.0,2025.0,2022.0,2022.0,2021.0,2020.0,2020.0,2018.0,2015.0,2014.0,2015.0,2018.0,2017.0,2014.0,3108.0,3518.0,3497.0,3353.0,3474.0,3350.0,3171.0,3287.0,3261.0,3343.0,2963.0,3471.0,3457.0,3254.0,3436.0,3235.0,3440.0,3497.0,3399.0,45.800556126000004,0.019940502000000002
1393.0,1984.0,2197.0,2038.0,2037.0,2037.0,2038.0,2038.0,2035.0,2038.0,2040.0,2040.0,2038.0,2043.0,2043.0,2039.0,2041.0,2039.0,2038.0,2036.0,2034.0,2029.0,2035.0,2033.0,2029.0,3108.0,3518.0,3497.0,3353.0,3474.0,3350.0,3171.0,3286.0,3261.0,3342.0,2962.0,3471.0,3457.0,3254.0,3437.0,3234.0,3440.0,3496.0,3399.0,45.820557717,0.019962912000000003
1393.0,1985.0,2196.0,2026.0,2025.0,2023.0,2025.0,2030.0,2025.0,2029.0,2028.0,2028.0,2037.0,2034.0,2033.0,2032.0,2034.0,2033.0,2032.0,2034.0,2031.0,2031.0,2033.0,2032.0,2030.0,3107.0,3518.0,3496.0,3353.0,3475.0,3351.0,3173.0,3287.0,3262.0,3344.0,2963.0,3471.0,3457.0,3254.0,3436.0,3235.0,3440.0,3497.0,3399.0,45.840558483,0.019933972
1393.0,1987.0,2196.0,2030.0,2028.0,2027.0,2029.0,2030.0,2028.0,2028.0,2031.0,2032.0,2027.0,2030.0,2029.0,2028.0,2024.0,2025.0,2027.0,2026.0,2023.0,2019.0,2022.0,2019.0,2021.0,3107.0,3518.0,3497.0,3353.0,3474.0,3350.0,3171.0,3287.0,3261.0,3343.0,2964.0,3471.0,3457.0,3254.0,3436.0,3235.0,3439.0,3497.0,3399.0,45.860557016,0.019930787000000002
1393.0,1984.0,2196.0,2029.0,2025.0,2025.0,2028.0,2027.0,2028.0,2031.0,2032.0,2035.0,2033.0,2033.0,2035.0,2034.0,2032.0,2029.0,2031.0,2033.0,2027.0,2029.0,2031.0,2030.0,2033.0,3107.0,3519.0,3497.0,3352.0,3474.0,3350.0,3171.0,3287.0,3262.0,3344.0,2963.0,3472.0,3457.0,3254.0,3437.0,3235.0,3440.0,3497.0,3399.0,45.880556998,0.019966834000000003
1393.0,1986.0,2196.0,2033.0,2027.0,2028.0,2029.0,2031.0,2030.0,2030.0,2032.0,2029.0,2029.0,2031.0,2031.0,2035.0,2034.0,2034.0,2033.0,2036.0,2039.0,2036.0,2041.0,2036.0,2038.0,3107.0,3518.0,3497.0,3353.0,3474.0,3349.0,3171.0,3288.0,3261.0,3343.0,2964.0,3471.0,3458.0,3254.0,3437.0,3235.0,3440.0,3498.0,3399.0,45.900557968,0.019948226000000003
1393.0,1985.0,2196.0,2033.0,2033.0,2033.0,2034.0,2035.0,2033.0,2034.0,2037.0,2032.0,2032.0,2032.0,2037.0,2033.0,2034.0,2031.0,2032.0,2033.0,2035.0,2035.0,2034.0,2033.0,2035.0,3107.0,3518.0,3497.0,3353.0,3474.0,3350.0,3171.0,3287.0,3262.0,3342.0,2963.0,3472.0,3457.0,3254.0,3436.0,3235.0,3440.0,3496.0,3399.0,45.920559081,0.019941567
1393.0,1986.0,2197.0,2023.0,2019.0,2023.0,2024.0,2023.0,2024.0,2025.0,2026.0,2027.0,2025.0,2029.0,2024.0,2024.0,2024.0,2018.0,2020.0,2018.0,2021.0,2023.0,2023.0,2022.0,2022.0,3108.0,3519.0,3497.0,3353.0,3475.0,3350.0,3171.0,3287.0,3261.0,3343.0,2963.0,3472.0,3458.0,3254.0,3436.0,3235.0,3440.0,3496.0,3399.0,45.940557704,0.019927111
1393.0,1987.0,2196.0,2014.0,2016.0,2019.0,2020.0,2021.0,2021.0,2020.0,2024.0,2021.0,2019.0,2020.0,2023.0,2021.0,2021.0,2018.0,2019.0,2022.0,2022.0,2021.0,2025.0,2022.0,2023.0,3108.0,3518.0,3497.0,3353.0,3475.0,3350.0,3171.0,3288.0,3261.0,3344.0,2964.0,3471.0,3457.0,3254.0,3436.0,3235.0,3440.0,3497.0,3399.0,45.960556879,0.019937407
1393.0,1985.0,2196.0,2030.0,2025.0,2026.0,2025.0,2031.0,2029.0,2026.0,2027.0,2023.0,2026.0,2022.0,2025.0,2022.0,2022.0,2021.0,2021.0,2023.0,2023.0,2025.0,2028.0,2027.0,2028.0,3107.0,3518.0,3496.0,3352.0,3474.0,3350.0,3171.0,3288.0,3262.0,3343.0,2963.0,3472.0,3458.0,3254.0,3437.0,3235.0,3440.0,3497.0,3400.0,45.980557902,0.019970807
1393.0,1984.0,2196.0,2032.0,2026.0,2025.0,2026.0,2028.0,2027.0,2024.0,2023.0,2027.0,2026.0,2022.0,2019.0,2021.0,2022.0,2026.0,2025.0,2025.0,2029.0,2022.0,2025.0,2027.0,2026.0,3108.0,3517.0,3496.0,3353.0,3474.0,3350.0,3172.0,3287.0,3261.0,3344.0,2963.0,3472.0,3458.0,3254.0,3436.0,3235.0,3440.0,3497.0,3400.0,46.000557631,0.019937194000000002
1393.0,1983.0,2196.0,2030.0,2027.0,2029.0,2028.0,2029.0,2028.0,2029.0,2029.0,2027.0,2027.0,2029.0,2028.0,2025.0,2028.0,2029.0,2028.0,2029.0,2027.0,2026.0,2030.0,2025.0,2024.0,3108.0,3518.0,3496.0,3353.0,3475.0,3350.0,3171.0,3287.0,3260.0,3342.0,2963.0,3471.0,3458.0,3254.0,3437.0,3235.0,3441.0,3497.0,3399.0,46.020561985,0.019964877000000002
1393.0,1984.0,2197.0,2021.0,2022.0,2025.0,2029.0,2027.0,2029.0,2026.0,2023.0,2020.0,2024.0,2027.0,2028.0,2027.0,2027.0,2028.0,2022.0,2026.0,2023.0,2024.0,2026.0,2028.0,2026.0,3107.0,3518.0,3496.0,3352.0,3475.0,3350.0,3172.0,3287.0,3261.0,3342.0,2963.0,3472.0,3458.0,3254.0,3436.0,3236.0,3440.0,3497.0,3399.0,46.0405654,0.019932337
1393.0,1986.0,2196.0,2032.0,2031.0,2029.0,2032.0,2032.0,2031.0,2031.0,2031.0,2031.0,2030.0,2030.0,2029.0,2027.0,2029.0,2028.0,2028.0,2032.0,2029.0,2030.0,2027.0,2027.0,2029.0,3108.0,3519.0,3497.0,3353.0,3474.0,3350.0,3171.0,3288.0,3261.0,3343.0,2962.0,3471.0,3458.0,3255.0,3437.0,3235.0,3440.0,3497.0,3399.0,46.060565596,0.019925138000000002
1393.0,1985.0,2197.0,2021.0,2023.0,2025.0,2023.0,2024.0,2023.0,2022.0,2021.0,2021.0,2023.0,2022.0,2027.0,2027.0,2029.0,2026.0,2027.0,2031.0,2028.0,2027.0,2033.0,2030.0,2026.0,3107.0,3518.0,3496.0,3353.0,3475.0,3350.0,3171.0,3287.0,3261.0,3343.0,2963.0,3471.0,3458.0,3254.0,3436.0,3235.0,3440.0,3496.0,3399.0,46.080562664,0.019924517000000003
1394.0,1984.0,2197.0,2037.0,2034.0,2035.0,2030.0,2029.0,2033.0,2031.0,2033.0,2032.0,2029.0,2029.0,2030.0,2029.0,2028.0,2031.0,2031.0,2031.0,2030.0,2030.0,2034.0,2031.0,2031.0,3108.0,3518.0,3497.0,3353.0,3475.0,3350.0,3171.0,3287.0,3261.0,3342.0,2963.0,3472.0,3458.0,3254.0,3436.0,3234.0,3440.0,3497.0,3398.0,46.100559665,0.019923269
1393.0,1983.0,2197.0,2025.0,2026.0,2029.0,2029.0,2035.0,2031.0,2032.0,2032.0,2032.0,2028.0,2028.0,2030.0,2033.0,2034.0,2032.0,2033.0,2035.0,2034.0,2034.0,2036.0,2034.0,2031.0,3108.0,3518.0,3496.0,3352.0,3474.0,3350.0,3172.0,3288.0,3261.0,3343.0,2963.0,3472.0,3457.0,3254.0,3436.0,3235.0,3440.0,3497.0,3399.0,46.120566197,0.019961939
1394.0,1982.0,2197.0,2016.0,2015.0,2016.0,2013.0,2015.0,2017.0,2017.0,2012.0,2010.0,2013.0,2013.0,2014.0,2015.0,2017.0,2016.0,2013.0,2015.0,2017.0,2019.0,2016.0,2014.0,2013.0,3107.0,3518.0,3497.0,3353.0,3475.0,3350.0,3172.0,3287.0,3262.0,3343.0,2963.0,3471.0,3458.0,3254.0,3437.0,3235.0,3439.0,3497.0,3399.0,46.140560717,0.019926864000000002
1394.0,1983.0,2197.0,2032.0,2035.0,2035.0,2033.0,2035.0,2029.0,2030.0,2027.0,2029.0,2024.0,2025.0,2027.0,2025.0,2026.0,2026.0,2024.0,2026.0,2027.0,2024.0,2028.0,2025.0,2023.0,3107.0,3518.0,3496.0,3353.0,3474.0,3350.0,3172.0,3287.0,3260.0,3343.0,2963.0,3471.0,3458.0,3255.0,3437.0,3235.0,3440.0,3496.0,3399.0,46.160644829,0.020021641
1393.0,1984.0,2196.0,2031.0,2028.0,2032.0,2035.0,2032.0,2029.0,2029.0,2033.0,2034.0,2036.0,2033.0,2033.0,2032.0,2032.0,2037.0,2036.0,2034.0,2034.0,2033.0,2034.0,2032.0,2028.0,3108.0,3518.0,3497.0,3353.0,3475.0,3349.0,3172.0,3287.0,3261.0,3343.0,2963.0,3471.0,3457.0,3254.0,3436.0,3235.0,3440.0,3497.0,3398.0,46.180559765,0.019882501
1393.0,1982.0,2197.0,2008.0,2013.0,2014.0,2015.0,2013.0,2020.0,2025.0,2029.0,2025.0,2024.0,2026.0,2025.0,2027.0,2030.0,2029.0,2029.0,2025.0,2027.0,2030.0,2034.0,2034.0,2033.0,3109.0,3518.0,3496.0,3353.0,3474.0,3350.0,3172.0,3288.0,3261.0,3342.0,2963.0,3471.0,3458.0,3254.0,3437.0,3235.0,3439.0,3496.0,3399.0,46.200562921,0.019944646
1393.0,1983.0,2197.0,2029.0,2025.0,2027.0,2029.0,2029.0,2032.0,2030.0,2031.0,2028.0,2030.0,2032.0,2031.0,2033.0,2032.0,2035.0,2034.0,2036.0,2033.0,2035.0,2037.0,2034.0,2037.0,3107.0,3518.0,3496.0,3352.0,3475.0,3351.0,3172.0,3287.0,3261.0,3343.0,2963.0,3472.0,3458.0,3254.0,3436.0,3235.0,3440.0,3497.0,3399.0,46.220563732,0.019953865
1393.0,1984.0,2196.0,2041.0,2040.0,2036.0,2035.0,2039.0,2039.0,2041.0,2038.0,2036.0,2038.0,2033.0,2035.0,2037.0,2040.0,2038.0,2037.0,2039.0,2038.0,2036.0,2039.0,2041.0,2039.0,3108.0,3518.0,3496.0,3352.0,3475.0,3349.0,3171.0,3287.0,3261.0,3343.0,2963.0,3471.0,3458.0,3255.0,3437.0,3235.0,3441.0,3496.0,3399.0,46.240562672,0.019930623
1393.0,1983.0,2196.0,2037.0,2036.0,2034.0,2031.0,2033.0,2036.0,2038.0,2035.0,2036.0,2033.0,2032.0,2031.0,2034.0,2033.0,2033.0,2030.0,2030.0,2032.0,2032.0,2030.0,2029.0,2025.0,3107.0,3518.0,3497.0,3353.0,3474.0,3350.0,3172.0,3287.0,3261.0,3343.0,2963.0,3471.0,3458.0,3254.0,3437.0,3236.0,3440.0,3496.0,3399.0,46.260562895,0.019928929
