position 3_tdc_data,position 3_tac_data,position 3_pdc_data,position 3_pac_data_0,position 3_pac_data_1,position 3_pac_data_2,position 3_pac_data_3,position 3_pac_data_4,position 3_pac_data_5,position 3_pac_data_6,position 3_pac_data_7,position 3_pac_data_8,position 3_pac_data_9,position 3_pac_data_10,position 3_pac_data_11,position 3_pac_data_12,position 3_pac_data_13,position 3_pac_data_14,position 3_pac_data_15,position 3_pac_data_16,position 3_pac_data_17,position 3_pac_data_18,position 3_pac_data_19,position 3_pac_data_20,position 3_pac_data_21,position 3_elec_data_0,position 3_elec_data_1,position 3_elec_data_2,position 3_elec_data_3,position 3_elec_data_4,position 3_elec_data_5,position 3_elec_data_6,position 3_elec_data_7,position 3_elec_data_8,position 3_elec_data_9,position 3_elec_data_10,position 3_elec_data_11,position 3_elec_data_12,position 3_elec_data_13,position 3_elec_data_14,position 3_elec_data_15,position 3_elec_data_16,position 3_elec_data_17,position 3_elec_data_18,header_from_controller_start,frame_collection_from_header
1418.0,1988.0,2242.0,2010.0,2003.0,2001.0,2002.0,2000.0,1997.0,2000.0,1994.0,1994.0,1991.0,1992.0,1987.0,1985.0,1989.0,1987.0,1987.0,1982.0,1983.0,1975.0,1973.0,1973.0,1978.0,3139.0,3528.0,3508.0,3370.0,3488.0,3364.0,3188.0,3298.0,3274.0,3353.0,3028.0,3489.0,3477.0,3286.0,3456.0,3261.0,3450.0,3510.0,3417.0,111.321353354,0.019941716
1419.0,1989.0,2243.0,1962.0,1957.0,1955.0,1953.0,1952.0,1957.0,1955.0,1952.0,1950.0,1953.0,1953.0,1950.0,1951.0,1947.0,1951.0,1952.0,1948.0,1951.0,1950.0,1951.0,1945.0,1949.0,3139.0,3527.0,3509.0,3370.0,3488.0,3365.0,3188.0,3297.0,3275.0,3354.0,3032.0,3490.0,3478.0,3289.0,3457.0,3263.0,3450.0,3511.0,3417.0,111.341352272,0.01995117
1419.0,1986.0,2244.0,1961.0,1960.0,1960.0,1957.0,1961.0,1966.0,1965.0,1968.0,1976.0,1976.0,1982.0,1985.0,1984.0,1985.0,1990.0,1988.0,1991.0,1989.0,1992.0,1998.0,1997.0,1997.0,3136.0,3527.0,3508.0,3369.0,3489.0,3364.0,3188.0,3297.0,3275.0,3354.0,3035.0,3491.0,3479.0,3289.0,3458.0,3265.0,3450.0,3512.0,3416.0,111.361356242,0.019961386
1419.0,1988.0,2244.0,2026.0,2027.0,2026.0,2024.0,2029.0,2027.0,2027.0,2024.0,2025.0,2021.0,2025.0,2026.0,2022.0,2031.0,2038.0,2031.0,2032.0,2033.0,2036.0,2036.0,2043.0,2044.0,3137.0,3527.0,3508.0,3370.0,3488.0,3364.0,3188.0,3297.0,3275.0,3354.0,3035.0,3491.0,3479.0,3289.0,3458.0,3264.0,3450.0,3511.0,3417.0,111.381355096,0.019931524000000003
1419.0,1984.0,2243.0,2071.0,2072.0,2071.0,2070.0,2069.0,2073.0,2072.0,2074.0,2081.0,2080.0,2074.0,2072.0,2073.0,2080.0,2079.0,2079.0,2077.0,2075.0,2074.0,2083.0,2078.0,2077.0,3139.0,3528.0,3509.0,3370.0,3489.0,3364.0,3188.0,3297.0,3275.0,3354.0,3031.0,3490.0,3478.0,3288.0,3457.0,3263.0,3449.0,3511.0,3416.0,111.4013538,0.019922986
1419.0,1987.0,2243.0,2052.0,2054.0,2052.0,2048.0,2047.0,2049.0,2047.0,2043.0,2042.0,2042.0,2038.0,2038.0,2038.0,2035.0,2034.0,2027.0,2031.0,2033.0,2028.0,2026.0,2020.0,2025.0,3142.0,3527.0,3510.0,3371.0,3489.0,3365.0,3189.0,3298.0,3274.0,3355.0,3027.0,3489.0,3476.0,3285.0,3456.0,3261.0,3450.0,3511.0,3416.0,111.421356969,0.019950641
1419.0,1987.0,2243.0,2004.0,1998.0,2002.0,2006.0,2001.0,1997.0,1996.0,1996.0,1997.0,1996.0,1991.0,1992.0,1990.0,1990.0,1989.0,1993.0,1992.0,1997.0,1994.0,1999.0,1998.0,1996.0,3143.0,3529.0,3509.0,3372.0,3490.0,3366.0,3188.0,3298.0,3274.0,3353.0,3026.0,3488.0,3476.0,3284.0,3455.0,3261.0,3449.0,3511.0,3416.0,111.441354134,0.019929224000000002
1419.0,1989.0,2244.0,2002.0,2004.0,2004.0,2005.0,2005.0,2001.0,2002.0,2003.0,2006.0,2005.0,2003.0,2002.0,2009.0,2000.0,1998.0,2007.0,2008.0,2013.0,2012.0,2005.0,2001.0,2006.0,3144.0,3529.0,3510.0,3373.0,3490.0,3366.0,3188.0,3298.0,3274.0,3354.0,3027.0,3489.0,3477.0,3286.0,3456.0,3262.0,3450.0,3512.0,3416.0,111.46135753,0.019962590000000002
1419.0,1985.0,2243.0,2023.0,2020.0,2026.0,2023.0,2027.0,2032.0,2028.0,2027.0,2028.0,2030.0,2037.0,2036.0,2035.0,2037.0,2040.0,2040.0,2042.0,2046.0,2047.0,2046.0,2041.0,2050.0,3141.0,3529.0,3509.0,3371.0,3489.0,3365.0,3188.0,3297.0,3275.0,3354.0,3031.0,3490.0,3479.0,3288.0,3458.0,3263.0,3450.0,3511.0,3417.0,111.481354765,0.019932491
1418.0,1988.0,2242.0,2082.0,2081.0,2084.0,2080.0,2085.0,2087.0,2085.0,2081.0,2081.0,2088.0,2087.0,2087.0,2088.0,2088.0,2088.0,2091.0,2094.0,2097.0,2092.0,2096.0,2092.0,2096.0,3138.0,3528.0,3509.0,3370.0,3488.0,3364.0,3188.0,3297.0,3275.0,3354.0,3030.0,3490.0,3478.0,3288.0,3457.0,3263.0,3449.0,3511.0,3417.0,111.501354596,0.019953644
1419.0,1987.0,2240.0,2098.0,2096.0,2097.0,2101.0,2108.0,2103.0,2102.0,2104.0,2106.0,2106.0,2107.0,2112.0,2106.0,2110.0,2110.0,2109.0,2115.0,2117.0,2117.0,2118.0,2114.0,2116.0,3139.0,3527.0,3510.0,3371.0,3489.0,3365.0,3189.0,3298.0,3275.0,3353.0,3027.0,3489.0,3477.0,3285.0,3456.0,3260.0,3450.0,3510.0,3416.0,111.521358337,0.019865226
1419.0,1988.0,2240.0,2126.0,2126.0,2123.0,2117.0,2117.0,2112.0,2109.0,2109.0,2109.0,2100.0,2105.0,2100.0,2095.0,2091.0,2091.0,2096.0,2087.0,2087.0,2086.0,2080.0,2076.0,2082.0,3140.0,3528.0,3509.0,3371.0,3488.0,3364.0,3188.0,3298.0,3275.0,3355.0,3024.0,3488.0,3477.0,3284.0,3455.0,3260.0,3449.0,3511.0,3417.0,111.541355707,0.019932239
1419.0,1987.0,2239.0,2040.0,2038.0,2036.0,2037.0,2036.0,2032.0,2032.0,2032.0,2030.0,2026.0,2031.0,2035.0,2035.0,2038.0,2032.0,2031.0,2036.0,2038.0,2043.0,2048.0,2041.0,2038.0,3140.0,3528.0,3509.0,3370.0,3488.0,3365.0,3189.0,3298.0,3275.0,3354.0,3023.0,3488.0,3475.0,3284.0,3455.0,3259.0,3450.0,3510.0,3416.0,111.56135867,0.019964341
1419.0,1985.0,2239.0,2039.0,2030.0,2039.0,2042.0,2039.0,2040.0,2039.0,2042.0,2032.0,2038.0,2037.0,2031.0,2038.0,2034.0,2042.0,2037.0,2026.0,2034.0,2035.0,2041.0,2046.0,2042.0,3143.0,3529.0,3510.0,3371.0,3488.0,3365.0,3188.0,3298.0,3274.0,3353.0,3021.0,3488.0,3476.0,3281.0,3454.0,3258.0,3450.0,3510.0,3416.0,111.581355488,0.01992953
1419.0,1983.0,2240.0,2003.0,2010.0,2007.0,2000.0,2002.0,1990.0,1983.0,1995.0,1987.0,1985.0,1985.0,1976.0,1970.0,1973.0,1971.0,1964.0,1963.0,1965.0,1963.0,1962.0,1958.0,1951.0,3146.0,3529.0,3510.0,3373.0,3490.0,3366.0,3189.0,3298.0,3274.0,3354.0,3017.0,3487.0,3474.0,3280.0,3454.0,3257.0,3450.0,3511.0,3416.0,111.601356098,0.019958519
1419.0,1985.0,2242.0,1937.0,1934.0,1922.0,1918.0,1931.0,1933.0,1930.0,1936.0,1928.0,1923.0,1917.0,1923.0,1918.0,1918.0,1925.0,1925.0,1923.0,1925.0,1920.0,1926.0,1916.0,1913.0,3147.0,3530.0,3510.0,3374.0,3490.0,3366.0,3189.0,3299.0,3274.0,3354.0,3019.0,3487.0,3475.0,3280.0,3454.0,3257.0,3450.0,3510.0,3415.0,111.62135937,0.019944852000000002
1419.0,1986.0,2244.0,1915.0,1912.0,1918.0,1919.0,1916.0,1917.0,1917.0,1913.0,1915.0,1918.0,1915.0,1912.0,1914.0,1912.0,1910.0,1912.0,1910.0,1914.0,1915.0,1924.0,1920.0,1913.0,3147.0,3530.0,3510.0,3374.0,3490.0,3366.0,3189.0,3298.0,3274.0,3353.0,3023.0,3487.0,3475.0,3282.0,3454.0,3259.0,3449.0,3511.0,3417.0,111.641360898,0.019932426
1419.0,1982.0,2246.0,1922.0,1923.0,1922.0,1920.0,1919.0,1914.0,1919.0,1918.0,1918.0,1916.0,1918.0,1915.0,1919.0,1917.0,1919.0,1915.0,1920.0,1917.0,1915.0,1916.0,1915.0,1914.0,3149.0,3530.0,3510.0,3374.0,3490.0,3366.0,3188.0,3298.0,3274.0,3353.0,3024.0,3487.0,3476.0,3283.0,3455.0,3259.0,3449.0,3511.0,3416.0,111.661360027,0.019925121
1419.0,1981.0,2248.0,1894.0,1892.0,1898.0,1899.0,1904.0,1903.0,1901.0,1898.0,1895.0,1892.0,1893.0,1894.0,1894.0,1892.0,1892.0,1887.0,1891.0,1888.0,1889.0,1891.0,1889.0,1890.0,3151.0,3531.0,3511.0,3376.0,3490.0,3368.0,3188.0,3299.0,3273.0,3353.0,3023.0,3487.0,3475.0,3283.0,3455.0,3258.0,3450.0,3511.0,3417.0,111.681356892,0.019935261000000003
1419.0,1983.0,2251.0,1902.0,1901.0,1903.0,1906.0,1905.0,1908.0,1907.0,1905.0,1907.0,1911.0,1909.0,1912.0,1914.0,1918.0,1921.0,1919.0,1925.0,1929.0,1927.0,1931.0,1933.0,1937.0,3156.0,3531.0,3513.0,3378.0,3492.0,3369.0,3188.0,3299.0,3272.0,3353.0,3020.0,3485.0,3475.0,3280.0,3455.0,3258.0,3449.0,3512.0,3416.0,111.701357715,0.019960062
1419.0,1984.0,2249.0,2014.0,2021.0,2022.0,2026.0,2029.0,2035.0,2037.0,2037.0,2043.0,2043.0,2047.0,2056.0,2057.0,2064.0,2068.0,2069.0,2075.0,2077.0,2083.0,2088.0,2089.0,2095.0,3163.0,3533.0,3514.0,3382.0,3493.0,3372.0,3188.0,3300.0,3271.0,3353.0,3008.0,3482.0,3471.0,3275.0,3453.0,3254.0,3449.0,3511.0,3416.0,111.721360706,0.019950621
1419.0,1985.0,2246.0,2158.0,2157.0,2157.0,2156.0,2158.0,2162.0,2163.0,2163.0,2161.0,2164.0,2168.0,2164.0,2166.0,2167.0,2170.0,2170.0,2167.0,2167.0,2170.0,2172.0,2166.0,2163.0,3171.0,3536.0,3516.0,3386.0,3495.0,3374.0,3188.0,3300.0,3269.0,3352.0,2992.0,3480.0,3468.0,3269.0,3449.0,3250.0,3448.0,3510.0,3416.0,111.741358062,0.019928059
1419.0,1984.0,2246.0,2089.0,2084.0,2080.0,2077.0,2074.0,2070.0,2071.0,2065.0,2062.0,2059.0,2056.0,2055.0,2053.0,2048.0,2042.0,2038.0,2035.0,2032.0,2026.0,2025.0,2018.0,2015.0,3174.0,3536.0,3516.0,3387.0,3494.0,3375.0,3186.0,3302.0,3268.0,3352.0,2985.0,3478.0,3467.0,3267.0,3449.0,3250.0,3449.0,3511.0,3415.0,111.761361015,0.019960803000000003
1419.0,1984.0,2250.0,1942.0,1932.0,1931.0,1929.0,1925.0,1923.0,1916.0,1912.0,1911.0,1903.0,1899.0,1892.0,1891.0,1888.0,1884.0,1881.0,1879.0,1874.0,1873.0,1869.0,1866.0,1861.0,3170.0,3536.0,3516.0,3388.0,3496.0,3376.0,3185.0,3301.0,3269.0,3352.0,2992.0,3481.0,3471.0,3274.0,3452.0,3256.0,3450.0,3512.0,3417.0,111.781357923,0.019935622
1419.0,1983.0,2253.0,1832.0,1831.0,1828.0,1829.0,1834.0,1835.0,1833.0,1835.0,1835.0,1834.0,1838.0,1839.0,1840.0,1842.0,1841.0,1842.0,1844.0,1845.0,1844.0,1848.0,1847.0,1853.0,3167.0,3535.0,3517.0,3387.0,3495.0,3378.0,3183.0,3300.0,3269.0,3353.0,3000.0,3485.0,3475.0,3282.0,3456.0,3261.0,3450.0,3513.0,3418.0,111.801359096,0.01996215
1419.0,1983.0,2254.0,1922.0,1925.0,1930.0,1937.0,1943.0,1945.0,1950.0,1956.0,1958.0,1961.0,1960.0,1966.0,1971.0,1974.0,1981.0,1987.0,1991.0,1994.0,1999.0,2008.0,2009.0,2012.0,3165.0,3536.0,3517.0,3388.0,3497.0,3378.0,3182.0,3300.0,3270.0,3354.0,3002.0,3486.0,3475.0,3283.0,3456.0,3262.0,3450.0,3514.0,3419.0,111.821361212,0.019935224
1419.0,1984.0,2251.0,2106.0,2112.0,2116.0,2115.0,2121.0,2127.0,2128.0,2130.0,2133.0,2137.0,2140.0,2146.0,2149.0,2148.0,2152.0,2155.0,2162.0,2164.0,2169.0,2176.0,2170.0,2174.0,3167.0,3536.0,3516.0,3388.0,3496.0,3378.0,3183.0,3298.0,3269.0,3354.0,2998.0,3483.0,3474.0,3280.0,3454.0,3260.0,3450.0,3513.0,3418.0,111.841358587,0.019931098
1419.0,1981.0,2246.0,2210.0,2212.0,2218.0,2218.0,2220.0,2221.0,2222.0,2224.0,2223.0,2222.0,2224.0,2223.0,2222.0,2223.0,2223.0,2221.0,2222.0,2222.0,2220.0,2227.0,2224.0,2225.0,3164.0,3535.0,3516.0,3386.0,3495.0,3375.0,3184.0,3300.0,3269.0,3353.0,2998.0,3482.0,3473.0,3276.0,3454.0,3258.0,3450.0,3512.0,3417.0,111.861362438,0.019961535000000002
1419.0,1982.0,2244.0,2221.0,2222.0,2222.0,2218.0,2217.0,2219.0,2219.0,2218.0,2220.0,2216.0,2216.0,2215.0,2216.0,2211.0,2209.0,2208.0,2209.0,2209.0,2208.0,2209.0,2206.0,2205.0,3161.0,3534.0,3514.0,3382.0,3492.0,3373.0,3186.0,3299.0,3271.0,3353.0,3004.0,3484.0,3472.0,3277.0,3453.0,3257.0,3450.0,3512.0,3417.0,111.88135944,0.019932997
1419.0,1984.0,2241.0,2177.0,2173.0,2171.0,2172.0,2172.0,2167.0,2162.0,2164.0,2160.0,2158.0,2160.0,2157.0,2153.0,2155.0,2154.0,2149.0,2146.0,2143.0,2139.0,2140.0,2136.0,2132.0,3153.0,3531.0,3512.0,3377.0,3491.0,3369.0,3187.0,3300.0,3273.0,3353.0,3011.0,3485.0,3474.0,3280.0,3453.0,3258.0,3449.0,3510.0,3416.0,111.901360559,0.019963843000000002
1419.0,1982.0,2240.0,2089.0,2087.0,2084.0,2082.0,2080.0,2072.0,2077.0,2078.0,2070.0,2068.0,2066.0,2064.0,2060.0,2059.0,2054.0,2054.0,2057.0,2053.0,2049.0,2050.0,2042.0,2042.0,3147.0,3531.0,3511.0,3374.0,3490.0,3366.0,3187.0,3299.0,3273.0,3353.0,3018.0,3486.0,3475.0,3282.0,3454.0,3258.0,3450.0,3511.0,3417.0,111.921361213,0.019922004
1419.0,1982.0,2240.0,2036.0,2037.0,2037.0,2033.0,2041.0,2041.0,2040.0,2043.0,2042.0,2047.0,2043.0,2040.0,2042.0,2049.0,2052.0,2055.0,2051.0,2042.0,2045.0,2052.0,2051.0,2054.0,3142.0,3529.0,3510.0,3372.0,3490.0,3365.0,3188.0,3298.0,3275.0,3354.0,3024.0,3489.0,3477.0,3285.0,3456.0,3261.0,3450.0,3512.0,3416.0,111.941360286,0.019932958
1420.0,1982.0,2239.0,2073.0,2070.0,2067.0,2066.0,2067.0,2064.0,2072.0,2071.0,2067.0,2068.0,2065.0,2068.0,2067.0,2065.0,2066.0,2065.0,2067.0,2061.0,2056.0,2062.0,2059.0,2058.0,3134.0,3528.0,3508.0,3368.0,3488.0,3364.0,3188.0,3297.0,3276.0,3354.0,3033.0,3491.0,3479.0,3290.0,3457.0,3264.0,3450.0,3511.0,3415.0,111.961363034,0.019939813
1419.0,1983.0,2239.0,2049.0,2052.0,2053.0,2055.0,2054.0,2058.0,2058.0,2059.0,2061.0,2059.0,2061.0,2064.0,2065.0,2067.0,2066.0,2065.0,2064.0,2064.0,2070.0,2070.0,2068.0,2071.0,3128.0,3527.0,3507.0,3366.0,3486.0,3361.0,3188.0,3296.0,3277.0,3354.0,3039.0,3492.0,3480.0,3291.0,3459.0,3265.0,3450.0,3511.0,3417.0,111.98135994,0.019937659
1419.0,1982.0,2239.0,2086.0,2082.0,2089.0,2090.0,2083.0,2090.0,2086.0,2079.0,2083.0,2091.0,2090.0,2087.0,2081.0,2071.0,2077.0,2081.0,2070.0,2064.0,2074.0,2075.0,2069.0,2080.0,3126.0,3525.0,3506.0,3364.0,3487.0,3360.0,3188.0,3296.0,3277.0,3354.0,3039.0,3492.0,3481.0,3292.0,3458.0,3265.0,3450.0,3510.0,3416.0,112.001362401,0.019966422
1419.0,1984.0,2236.0,2085.0,2084.0,2088.0,2086.0,2086.0,2094.0,2094.0,2089.0,2091.0,2093.0,2100.0,2103.0,2095.0,2096.0,2103.0,2101.0,2106.0,2105.0,2102.0,2103.0,2103.0,2102.0,3124.0,3526.0,3506.0,3364.0,3487.0,3360.0,3189.0,3297.0,3278.0,3354.0,3039.0,3493.0,3482.0,3291.0,3459.0,3266.0,3451.0,3512.0,3416.0,112.021367395,0.019953496
1419.0,1985.0,2235.0,2113.0,2114.0,2112.0,2114.0,2105.0,2105.0,2104.0,2106.0,2102.0,2112.0,2113.0,2101.0,2113.0,2116.0,2106.0,2110.0,2107.0,2108.0,2106.0,2118.0,2117.0,2112.0,3123.0,3525.0,3506.0,3363.0,3487.0,3361.0,3188.0,3297.0,3277.0,3354.0,3038.0,3492.0,3481.0,3291.0,3458.0,3265.0,3450.0,3511.0,3416.0,112.041361064,0.019917564000000002
1420.0,1986.0,2234.0,2098.0,2092.0,2091.0,2095.0,2088.0,2095.0,2091.0,2086.0,2092.0,2087.0,2085.0,2084.0,2083.0,2073.0,2062.0,2072.0,2072.0,2070.0,2064.0,2066.0,2056.0,2058.0,3122.0,3525.0,3506.0,3363.0,3486.0,3360.0,3188.0,3296.0,3277.0,3354.0,3036.0,3493.0,3479.0,3291.0,3459.0,3264.0,3450.0,3510.0,3416.0,112.061363275,0.019938767
1419.0,1987.0,2234.0,2046.0,2045.0,2049.0,2053.0,2043.0,2052.0,2056.0,2050.0,2050.0,2056.0,2061.0,2053.0,2047.0,2037.0,2049.0,2053.0,2049.0,2051.0,2047.0,2047.0,2034.0,2034.0,3123.0,3525.0,3506.0,3363.0,3487.0,3360.0,3188.0,3296.0,3277.0,3354.0,3035.0,3493.0,3480.0,3290.0,3457.0,3264.0,3450.0,3511.0,3416.0,112.081360931,0.01993991
1419.0,1987.0,2234.0,2013.0,2018.0,2020.0,2019.0,2003.0,2017.0,2021.0,2014.0,2012.0,2001.0,1999.0,2004.0,2003.0,1991.0,1999.0,1994.0,1986.0,1986.0,1988.0,1994.0,1988.0,1992.0,3127.0,3526.0,3507.0,3365.0,3487.0,3362.0,3188.0,3296.0,3276.0,3354.0,3031.0,3490.0,3479.0,3286.0,3457.0,3262.0,3450.0,3512.0,3417.0,112.101361608,0.01996403
1419.0,1990.0,2235.0,1994.0,1998.0,2002.0,1997.0,1994.0,1985.0,1981.0,1985.0,1984.0,1976.0,1977.0,1965.0,1966.0,1970.0,1981.0,1976.0,1976.0,1982.0,1984.0,1981.0,1975.0,1983.0,3132.0,3527.0,3508.0,3367.0,3487.0,3363.0,3188.0,3298.0,3275.0,3353.0,3027.0,3490.0,3478.0,3287.0,3457.0,3261.0,3450.0,3510.0,3416.0,112.12136430300001,0.019960867
1419.0,1988.0,2237.0,1982.0,1980.0,1969.0,1968.0,1975.0,1968.0,1974.0,1980.0,1968.0,1957.0,1957.0,1962.0,1960.0,1962.0,1966.0,1965.0,1957.0,1953.0,1955.0,1952.0,1954.0,1955.0,3133.0,3527.0,3508.0,3368.0,3488.0,3362.0,3188.0,3297.0,3276.0,3353.0,3028.0,3490.0,3477.0,3286.0,3456.0,3261.0,3450.0,3510.0,3416.0,112.141369154,0.019938065
1419.0,1989.0,2237.0,1985.0,1992.0,1991.0,1995.0,1994.0,1995.0,1994.0,1994.0,1999.0,1999.0,2000.0,2000.0,2008.0,2012.0,2015.0,2012.0,2015.0,2016.0,2017.0,2022.0,2023.0,2019.0,3133.0,3527.0,3507.0,3368.0,3488.0,3362.0,3188.0,3298.0,3275.0,3354.0,3029.0,3491.0,3479.0,3286.0,3456.0,3262.0,3450.0,3511.0,3416.0,112.161363915,0.019915283000000002
1419.0,1990.0,2238.0,2034.0,2034.0,2030.0,2027.0,2025.0,2026.0,2024.0,2025.0,2027.0,2015.0,2018.0,2025.0,2016.0,2016.0,2013.0,2003.0,2007.0,2007.0,2008.0,2010.0,2004.0,1998.0,3134.0,3527.0,3508.0,3368.0,3489.0,3363.0,3188.0,3297.0,3275.0,3354.0,3028.0,3490.0,3478.0,3285.0,3457.0,3261.0,3450.0,3511.0,3416.0,112.181362344,0.019939972
1419.0,1989.0,2239.0,1975.0,1971.0,1975.0,1971.0,1970.0,1979.0,1974.0,1970.0,1968.0,1967.0,1967.0,1966.0,1977.0,1969.0,1968.0,1962.0,1960.0,1960.0,1959.0,1956.0,1956.0,1955.0,3136.0,3527.0,3508.0,3368.0,3488.0,3363.0,3189.0,3297.0,3275.0,3354.0,3027.0,3489.0,3478.0,3285.0,3456.0,3261.0,3449.0,3511.0,3415.0,112.20136311,0.019962659
1419.0,1989.0,2242.0,1892.0,1891.0,1891.0,1889.0,1888.0,1887.0,1882.0,1879.0,1879.0,1884.0,1878.0,1871.0,1860.0,1859.0,1861.0,1869.0,1872.0,1872.0,1857.0,1862.0,1855.0,1863.0,3136.0,3527.0,3509.0,3369.0,3488.0,3364.0,3189.0,3298.0,3276.0,3355.0,3031.0,3490.0,3478.0,3287.0,3457.0,3262.0,3450.0,3511.0,3417.0,112.221364947,0.019954856
1420.0,1989.0,2246.0,1857.0,1868.0,1860.0,1864.0,1871.0,1864.0,1866.0,1864.0,1864.0,1867.0,1868.0,1866.0,1860.0,1863.0,1864.0,1864.0,1866.0,1869.0,1871.0,1863.0,1861.0,1863.0,3137.0,3527.0,3509.0,3369.0,3488.0,3363.0,3189.0,3297.0,3276.0,3354.0,3037.0,3491.0,3480.0,3289.0,3458.0,3264.0,3449.0,3510.0,3418.0,112.241365601,0.019936378
1419.0,1987.0,2246.0,1922.0,1925.0,1924.0,1929.0,1934.0,1933.0,1942.0,1945.0,1939.0,1938.0,1944.0,1944.0,1947.0,1944.0,1945.0,1943.0,1940.0,1954.0,1954.0,1958.0,1951.0,1947.0,3137.0,3527.0,3508.0,3369.0,3488.0,3363.0,3189.0,3297.0,3276.0,3354.0,3040.0,3491.0,3480.0,3290.0,3458.0,3265.0,3450.0,3512.0,3417.0,112.261362873,0.019930729
1419.0,1987.0,2247.0,1977.0,1976.0,1971.0,1968.0,1972.0,1976.0,1976.0,1986.0,1976.0,1979.0,1983.0,1981.0,1981.0,1985.0,1990.0,1992.0,1989.0,1993.0,1991.0,1992.0,1991.0,1995.0,3138.0,3528.0,3508.0,3369.0,3488.0,3363.0,3190.0,3297.0,3275.0,3353.0,3039.0,3492.0,3480.0,3290.0,3458.0,3264.0,3449.0,3512.0,3416.0,112.28136365,0.019970779
1419.0,1985.0,2246.0,2023.0,2023.0,2025.0,2026.0,2029.0,2029.0,2032.0,2032.0,2038.0,2037.0,2043.0,2041.0,2048.0,2048.0,2047.0,2053.0,2052.0,2054.0,2058.0,2061.0,2052.0,2060.0,3137.0,3527.0,3508.0,3370.0,3488.0,3364.0,3189.0,3297.0,3276.0,3354.0,3041.0,3492.0,3480.0,3292.0,3458.0,3264.0,3450.0,3513.0,3417.0,112.301365599,0.019962391000000003
1419.0,1987.0,2245.0,2083.0,2084.0,2083.0,2080.0,2085.0,2081.0,2082.0,2085.0,2085.0,2086.0,2085.0,2085.0,2084.0,2086.0,2087.0,2089.0,2088.0,2089.0,2087.0,2085.0,2090.0,2092.0,3137.0,3527.0,3509.0,3369.0,3488.0,3364.0,3189.0,3297.0,3277.0,3353.0,3037.0,3491.0,3478.0,3290.0,3458.0,3264.0,3450.0,3511.0,3416.0,112.321366531,0.019926067000000002
1419.0,1987.0,2245.0,2075.0,2067.0,2065.0,2071.0,2068.0,2075.0,2069.0,2070.0,2065.0,2059.0,2061.0,2059.0,2062.0,2055.0,2056.0,2061.0,2055.0,2045.0,2047.0,2048.0,2044.0,2040.0,3140.0,3528.0,3509.0,3370.0,3489.0,3364.0,3189.0,3297.0,3275.0,3353.0,3033.0,3489.0,3478.0,3286.0,3457.0,3261.0,3450.0,3511.0,3417.0,112.34136635,0.019938708000000003
1419.0,1988.0,2245.0,2032.0,2032.0,2034.0,2032.0,2030.0,2031.0,2028.0,2025.0,2023.0,2026.0,2023.0,2017.0,2017.0,2010.0,2007.0,2006.0,2003.0,2003.0,1999.0,1998.0,1997.0,1991.0,3142.0,3529.0,3509.0,3372.0,3490.0,3365.0,3189.0,3298.0,3276.0,3355.0,3030.0,3489.0,3478.0,3287.0,3457.0,3262.0,3449.0,3511.0,3417.0,112.361364593,0.019931261000000002
1420.0,1988.0,2247.0,1947.0,1943.0,1940.0,1942.0,1941.0,1941.0,1942.0,1944.0,1945.0,1941.0,1940.0,1941.0,1945.0,1943.0,1944.0,1944.0,1939.0,1942.0,1943.0,1944.0,1944.0,1948.0,3142.0,3529.0,3510.0,3371.0,3489.0,3366.0,3189.0,3297.0,3276.0,3353.0,3033.0,3490.0,3478.0,3288.0,3457.0,3264.0,3449.0,3512.0,3417.0,112.381368742,0.019969382
1419.0,1988.0,2248.0,1953.0,1958.0,1957.0,1955.0,1959.0,1962.0,1956.0,1951.0,1956.0,1959.0,1959.0,1962.0,1961.0,1963.0,1965.0,1962.0,1963.0,1961.0,1967.0,1968.0,1959.0,1962.0,3141.0,3528.0,3509.0,3372.0,3488.0,3365.0,3188.0,3297.0,3275.0,3354.0,3035.0,3491.0,3480.0,3290.0,3459.0,3264.0,3450.0,3511.0,3417.0,112.401366816,0.01992423
1419.0,1987.0,2248.0,1995.0,1994.0,1998.0,2001.0,2002.0,2005.0,2007.0,2006.0,2007.0,2010.0,2011.0,2018.0,2022.0,2024.0,2025.0,2026.0,2028.0,2031.0,2031.0,2029.0,2031.0,2032.0,3139.0,3527.0,3509.0,3371.0,3490.0,3365.0,3189.0,3298.0,3276.0,3353.0,3039.0,3492.0,3479.0,3291.0,3458.0,3265.0,3450.0,3512.0,3417.0,112.421367236,0.019955205
1419.0,1988.0,2246.0,2085.0,2085.0,2085.0,2086.0,2089.0,2089.0,2093.0,2099.0,2099.0,2102.0,2102.0,2104.0,2106.0,2109.0,2112.0,2114.0,2115.0,2115.0,2115.0,2118.0,2115.0,2117.0,3142.0,3527.0,3510.0,3372.0,3489.0,3365.0,3189.0,3298.0,3275.0,3353.0,3035.0,3490.0,3478.0,3288.0,3456.0,3262.0,3450.0,3512.0,3417.0,112.441367506,0.019935644000000002
1420.0,1989.0,2245.0,2109.0,2106.0,2099.0,2104.0,2109.0,2104.0,2100.0,2101.0,2101.0,2091.0,2091.0,2086.0,2090.0,2085.0,2079.0,2072.0,2071.0,2069.0,2066.0,2067.0,2061.0,2060.0,3145.0,3529.0,3510.0,3373.0,3490.0,3366.0,3189.0,3297.0,3275.0,3353.0,3027.0,3489.0,3477.0,3285.0,3456.0,3261.0,3450.0,3512.0,3416.0,112.461398943,0.019966189000000002
1420.0,1987.0,2246.0,2009.0,2008.0,2012.0,2011.0,2009.0,1998.0,1992.0,1994.0,1994.0,1995.0,1995.0,1989.0,1986.0,1978.0,1973.0,1967.0,1968.0,1970.0,1963.0,1963.0,1960.0,1956.0,3148.0,3530.0,3510.0,3374.0,3490.0,3366.0,3189.0,3298.0,3274.0,3353.0,3026.0,3488.0,3477.0,3284.0,3456.0,3259.0,3450.0,3510.0,3416.0,112.481367086,0.019926309
1419.0,1989.0,2248.0,1917.0,1916.0,1913.0,1911.0,1914.0,1913.0,1915.0,1910.0,1915.0,1916.0,1913.0,1916.0,1918.0,1918.0,1924.0,1917.0,1922.0,1925.0,1924.0,1928.0,1922.0,1924.0,3149.0,3529.0,3511.0,3374.0,3490.0,3366.0,3188.0,3297.0,3274.0,3353.0,3028.0,3489.0,3476.0,3285.0,3456.0,3261.0,3449.0,3512.0,3417.0,112.501367446,0.019960475000000002
1419.0,1989.0,2250.0,1960.0,1955.0,1952.0,1957.0,1955.0,1959.0,1959.0,1958.0,1964.0,1962.0,1961.0,1965.0,1968.0,1967.0,1972.0,1974.0,1974.0,1977.0,1972.0,1979.0,1981.0,1985.0,3149.0,3530.0,3511.0,3374.0,3490.0,3368.0,3188.0,3298.0,3275.0,3354.0,3031.0,3490.0,3478.0,3287.0,3458.0,3262.0,3450.0,3512.0,3416.0,112.521368379,0.019954197
1419.0,1987.0,2251.0,1981.0,1980.0,1983.0,1980.0,1982.0,1988.0,1987.0,1981.0,1983.0,1986.0,1988.0,1982.0,1978.0,1985.0,1985.0,1980.0,1978.0,1980.0,1986.0,1982.0,1980.0,1983.0,3145.0,3528.0,3510.0,3373.0,3489.0,3366.0,3188.0,3297.0,3275.0,3353.0,3039.0,3491.0,3479.0,3291.0,3459.0,3265.0,3449.0,3512.0,3417.0,112.54136864,0.019931167
1419.0,1991.0,2250.0,1990.0,1987.0,1994.0,1998.0,2004.0,2004.0,2005.0,2009.0,2013.0,2015.0,2009.0,2013.0,2015.0,2015.0,2014.0,2018.0,2019.0,2021.0,2022.0,2022.0,2022.0,2024.0,3138.0,3527.0,3508.0,3370.0,3489.0,3364.0,3190.0,3296.0,3277.0,3353.0,3047.0,3494.0,3481.0,3294.0,3460.0,3267.0,3450.0,3512.0,3417.0,112.56137788,0.019944047000000003
1419.0,1988.0,2250.0,2045.0,2042.0,2040.0,2048.0,2050.0,2046.0,2046.0,2054.0,2051.0,2048.0,2050.0,2041.0,2052.0,2050.0,2047.0,2054.0,2055.0,2050.0,2051.0,2058.0,2052.0,2053.0,3138.0,3527.0,3509.0,3370.0,3488.0,3363.0,3189.0,3296.0,3276.0,3354.0,3045.0,3493.0,3481.0,3293.0,3459.0,3265.0,3449.0,3512.0,3417.0,112.5813683,0.019947418
1419.0,1988.0,2250.0,2071.0,2076.0,2072.0,2069.0,2075.0,2076.0,2072.0,2073.0,2072.0,2074.0,2075.0,2076.0,2073.0,2064.0,2068.0,2071.0,2067.0,2063.0,2069.0,2068.0,2055.0,2054.0,3141.0,3527.0,3508.0,3371.0,3490.0,3364.0,3189.0,3298.0,3275.0,3353.0,3040.0,3491.0,3479.0,3290.0,3457.0,3263.0,3449.0,3512.0,3417.0,112.601368024,0.019960821
1420.0,1988.0,2250.0,2006.0,2014.0,2013.0,2013.0,2015.0,2005.0,2009.0,2014.0,2015.0,2009.0,2004.0,2004.0,2000.0,2007.0,1997.0,1991.0,2000.0,1993.0,1996.0,2000.0,1993.0,1995.0,3147.0,3529.0,3510.0,3373.0,3490.0,3366.0,3190.0,3298.0,3274.0,3353.0,3035.0,3490.0,3477.0,3288.0,3457.0,3261.0,3449.0,3510.0,3417.0,112.621374826,0.019941993
1420.0,1989.0,2251.0,1972.0,1966.0,1968.0,1954.0,1960.0,1957.0,1949.0,1958.0,1960.0,1955.0,1961.0,1949.0,1947.0,1956.0,1953.0,1953.0,1951.0,1945.0,1946.0,1949.0,1949.0,1950.0,3147.0,3528.0,3509.0,3373.0,3490.0,3365.0,3190.0,3297.0,3275.0,3353.0,3039.0,3490.0,3479.0,3289.0,3457.0,3263.0,3450.0,3511.0,3417.0,112.641369799,0.019916006
1420.0,1989.0,2253.0,1958.0,1963.0,1968.0,1966.0,1964.0,1966.0,1966.0,1970.0,1972.0,1979.0,1983.0,1987.0,1986.0,1989.0,1988.0,1992.0,1998.0,1996.0,2000.0,2005.0,2000.0,1995.0,3144.0,3528.0,3508.0,3372.0,3490.0,3365.0,3190.0,3296.0,3276.0,3354.0,3045.0,3491.0,3480.0,3291.0,3460.0,3264.0,3450.0,3511.0,3417.0,112.661368992,0.019936704
1420.0,1987.0,2251.0,2035.0,2040.0,2037.0,2040.0,2046.0,2050.0,2047.0,2057.0,2059.0,2055.0,2066.0,2073.0,2072.0,2073.0,2083.0,2079.0,2068.0,2085.0,2086.0,2096.0,2094.0,2091.0,3141.0,3527.0,3507.0,3370.0,3489.0,3363.0,3190.0,3297.0,3277.0,3354.0,3047.0,3491.0,3480.0,3292.0,3459.0,3265.0,3450.0,3512.0,3416.0,112.681369485,0.019961898000000002
1419.0,1988.0,2249.0,2115.0,2108.0,2113.0,2115.0,2117.0,2121.0,2121.0,2127.0,2123.0,2123.0,2121.0,2128.0,2128.0,2129.0,2122.0,2124.0,2127.0,2135.0,2129.0,2128.0,2131.0,2121.0,3140.0,3527.0,3509.0,3370.0,3489.0,3364.0,3190.0,3297.0,3276.0,3353.0,3045.0,3492.0,3480.0,3291.0,3459.0,3264.0,3449.0,3512.0,3418.0,112.701371259,0.019961601000000002
1420.0,1990.0,2247.0,2125.0,2130.0,2133.0,2130.0,2128.0,2126.0,2123.0,2128.0,2136.0,2132.0,2129.0,2134.0,2125.0,2127.0,2133.0,2127.0,2117.0,2129.0,2124.0,2118.0,2123.0,2121.0,3138.0,3527.0,3508.0,3369.0,3489.0,3363.0,3190.0,3297.0,3276.0,3353.0,3041.0,3491.0,3479.0,3291.0,3459.0,3263.0,3450.0,3512.0,3417.0,112.72137188,0.019930284000000003
1419.0,1989.0,2246.0,2104.0,2095.0,2095.0,2093.0,2093.0,2089.0,2094.0,2089.0,2082.0,2083.0,2081.0,2080.0,2081.0,2079.0,2073.0,2066.0,2068.0,2056.0,2059.0,2053.0,2047.0,2049.0,3139.0,3527.0,3508.0,3370.0,3489.0,3363.0,3190.0,3297.0,3276.0,3353.0,3039.0,3490.0,3479.0,3289.0,3458.0,3264.0,3450.0,3511.0,3417.0,112.741376046,0.019936104
1420.0,1989.0,2247.0,1987.0,1987.0,1979.0,1978.0,1970.0,1966.0,1973.0,1972.0,1970.0,1965.0,1957.0,1955.0,1958.0,1959.0,1957.0,1959.0,1961.0,1954.0,1957.0,1963.0,1959.0,1954.0,3140.0,3528.0,3510.0,3370.0,3488.0,3364.0,3190.0,3296.0,3276.0,3353.0,3040.0,3492.0,3480.0,3290.0,3458.0,3264.0,3450.0,3511.0,3417.0,112.761370126,0.019917105
1420.0,1986.0,2249.0,1973.0,1974.0,1973.0,1978.0,1974.0,1968.0,1971.0,1976.0,1974.0,1975.0,1976.0,1975.0,1979.0,1981.0,1982.0,1982.0,1979.0,1976.0,1982.0,1989.0,1985.0,1987.0,3139.0,3526.0,3507.0,3369.0,3488.0,3363.0,3190.0,3297.0,3277.0,3353.0,3044.0,3492.0,3480.0,3292.0,3460.0,3265.0,3449.0,3512.0,3416.0,112.7813699,0.019956088
1420.0,1986.0,2248.0,2018.0,2018.0,2017.0,2021.0,2020.0,2022.0,2025.0,2026.0,2036.0,2033.0,2039.0,2037.0,2034.0,2042.0,2039.0,2040.0,2043.0,2046.0,2048.0,2049.0,2046.0,2047.0,3140.0,3527.0,3508.0,3370.0,3488.0,3363.0,3190.0,3297.0,3275.0,3353.0,3042.0,3492.0,3480.0,3290.0,3457.0,3264.0,3449.0,3512.0,3417.0,112.801370414,0.019963425
1420.0,1986.0,2246.0,2091.0,2093.0,2100.0,2095.0,2094.0,2100.0,2105.0,2099.0,2102.0,2102.0,2104.0,2107.0,2108.0,2111.0,2109.0,2105.0,2114.0,2107.0,2112.0,2113.0,2108.0,2104.0,3143.0,3528.0,3510.0,3372.0,3488.0,3365.0,3190.0,3297.0,3275.0,3353.0,3033.0,3488.0,3477.0,3287.0,3456.0,3261.0,3449.0,3512.0,3416.0,112.821371799,0.019953606000000002
1419.0,1984.0,2246.0,2078.0,2077.0,2077.0,2075.0,2066.0,2059.0,2058.0,2056.0,2055.0,2049.0,2053.0,2050.0,2055.0,2043.0,2036.0,2031.0,2040.0,2043.0,2040.0,2030.0,2029.0,2022.0,3149.0,3529.0,3510.0,3374.0,3490.0,3367.0,3189.0,3299.0,3274.0,3354.0,3025.0,3487.0,3477.0,3282.0,3457.0,3259.0,3449.0,3511.0,3417.0,112.841374185,0.01995034
1420.0,1986.0,2248.0,1968.0,1963.0,1965.0,1964.0,1960.0,1962.0,1961.0,1957.0,1955.0,1956.0,1955.0,1952.0,1941.0,1939.0,1943.0,1947.0,1947.0,1942.0,1947.0,1950.0,1940.0,1937.0,3151.0,3530.0,3511.0,3375.0,3490.0,3367.0,3189.0,3298.0,3273.0,3353.0,3026.0,3488.0,3477.0,3284.0,3456.0,3259.0,3449.0,3511.0,3416.0,112.861372201,0.019930317000000003
1419.0,1987.0,2249.0,1950.0,1953.0,1947.0,1955.0,1961.0,1958.0,1962.0,1965.0,1968.0,1974.0,1977.0,1971.0,1979.0,1987.0,1990.0,1987.0,1987.0,1991.0,1995.0,2001.0,2007.0,2007.0,3151.0,3530.0,3510.0,3375.0,3490.0,3368.0,3190.0,3298.0,3274.0,3353.0,3029.0,3488.0,3478.0,3285.0,3456.0,3261.0,3450.0,3512.0,3417.0,112.881371718,0.019952524000000003
1419.0,1987.0,2249.0,2036.0,2038.0,2036.0,2035.0,2041.0,2038.0,2038.0,2033.0,2036.0,2035.0,2040.0,2038.0,2038.0,2040.0,2043.0,2045.0,2051.0,2048.0,2046.0,2050.0,2049.0,2045.0,3150.0,3529.0,3511.0,3375.0,3491.0,3368.0,3189.0,3298.0,3274.0,3353.0,3028.0,3488.0,3477.0,3284.0,3457.0,3260.0,3449.0,3511.0,3417.0,112.901372386,0.019963767
1420.0,1987.0,2248.0,2052.0,2045.0,2039.0,2051.0,2046.0,2052.0,2052.0,2044.0,2047.0,2052.0,2048.0,2045.0,2047.0,2049.0,2052.0,2046.0,2037.0,2034.0,2042.0,2050.0,2043.0,2045.0,3152.0,3530.0,3511.0,3376.0,3491.0,3367.0,3189.0,3298.0,3274.0,3354.0,3026.0,3487.0,3476.0,3283.0,3455.0,3258.0,3449.0,3511.0,3417.0,112.921372018,0.019931146
1419.0,1988.0,2248.0,2051.0,2050.0,2048.0,2045.0,2044.0,2047.0,2042.0,2046.0,2044.0,2047.0,2050.0,2043.0,2043.0,2052.0,2050.0,2050.0,2049.0,2047.0,2054.0,2054.0,2049.0,2047.0,3156.0,3531.0,3512.0,3377.0,3492.0,3369.0,3190.0,3299.0,3273.0,3353.0,3020.0,3486.0,3474.0,3280.0,3454.0,3257.0,3449.0,3510.0,3415.0,112.941375531,0.019963369
1419.0,1988.0,2246.0,2085.0,2082.0,2089.0,2095.0,2094.0,2094.0,2089.0,2095.0,2098.0,2099.0,2104.0,2106.0,2107.0,2099.0,2098.0,2106.0,2108.0,2106.0,2114.0,2122.0,2113.0,2120.0,3160.0,3532.0,3512.0,3380.0,3492.0,3371.0,3190.0,3300.0,3271.0,3353.0,3012.0,3483.0,3473.0,3276.0,3453.0,3254.0,3449.0,3511.0,3415.0,112.961372475,0.019927231
1420.0,1985.0,2243.0,2143.0,2138.0,2137.0,2136.0,2139.0,2137.0,2134.0,2132.0,2137.0,2138.0,2135.0,2137.0,2138.0,2137.0,2136.0,2133.0,2140.0,2137.0,2139.0,2149.0,2146.0,2138.0,3162.0,3532.0,3514.0,3380.0,3492.0,3371.0,3190.0,3300.0,3271.0,3353.0,3005.0,3482.0,3471.0,3273.0,3451.0,3253.0,3448.0,3510.0,3415.0,112.981376276,0.019963339
1420.0,1983.0,2241.0,2126.0,2125.0,2136.0,2132.0,2133.0,2129.0,2137.0,2134.0,2134.0,2133.0,2132.0,2132.0,2136.0,2139.0,2135.0,2132.0,2134.0,2130.0,2128.0,2137.0,2127.0,2135.0,3162.0,3533.0,3514.0,3380.0,3493.0,3371.0,3189.0,3300.0,3271.0,3353.0,3003.0,3482.0,3471.0,3273.0,3451.0,3252.0,3450.0,3510.0,3417.0,113.001373474,0.019925486000000003
1420.0,1983.0,2241.0,2110.0,2112.0,2110.0,2108.0,2105.0,2105.0,2098.0,2090.0,2092.0,2092.0,2085.0,2084.0,2083.0,2090.0,2082.0,2078.0,2074.0,2075.0,2074.0,2063.0,2068.0,2061.0,3161.0,3533.0,3513.0,3380.0,3492.0,3370.0,3189.0,3300.0,3271.0,3353.0,3000.0,3482.0,3470.0,3271.0,3451.0,3252.0,3449.0,3510.0,3416.0,113.021373266,0.01993201
1420.0,1983.0,2242.0,2019.0,2014.0,2015.0,2003.0,2006.0,1999.0,2004.0,2003.0,1990.0,1990.0,1991.0,1991.0,1994.0,1993.0,1999.0,2001.0,2004.0,2006.0,2002.0,1993.0,1991.0,2001.0,3162.0,3533.0,3514.0,3381.0,3492.0,3370.0,3189.0,3300.0,3272.0,3352.0,3000.0,3480.0,3470.0,3271.0,3451.0,3252.0,3449.0,3510.0,3414.0,113.041376759,0.019965312000000002
1419.0,1984.0,2242.0,2014.0,2017.0,2021.0,2025.0,2022.0,2025.0,2017.0,2012.0,2033.0,2025.0,2026.0,2025.0,2023.0,2020.0,2019.0,2017.0,2030.0,2030.0,2025.0,2024.0,2020.0,2019.0,3163.0,3533.0,3513.0,3381.0,3493.0,3371.0,3189.0,3301.0,3271.0,3352.0,2999.0,3480.0,3470.0,3270.0,3451.0,3252.0,3449.0,3510.0,3415.0,113.061373954,0.019931608
1419.0,1984.0,2242.0,2023.0,2027.0,2022.0,2018.0,2027.0,2027.0,2021.0,2018.0,2003.0,1996.0,2001.0,2007.0,2009.0,2006.0,2002.0,2010.0,2013.0,2016.0,2018.0,2014.0,2013.0,2019.0,3165.0,3533.0,3514.0,3382.0,3493.0,3371.0,3189.0,3300.0,3270.0,3353.0,2997.0,3480.0,3469.0,3270.0,3450.0,3250.0,3449.0,3510.0,3415.0,113.081373818,0.019962497000000003
1420.0,1980.0,2242.0,1993.0,2004.0,1994.0,1982.0,1983.0,1980.0,1992.0,1998.0,1994.0,1983.0,1984.0,1991.0,2001.0,2000.0,2005.0,2005.0,1994.0,2013.0,2020.0,2006.0,2010.0,1999.0,3166.0,3535.0,3514.0,3383.0,3493.0,3371.0,3189.0,3301.0,3270.0,3354.0,2995.0,3480.0,3469.0,3269.0,3450.0,3250.0,3449.0,3510.0,3415.0,113.101374551,0.019963712
1420.0,1984.0,2243.0,1985.0,1985.0,1977.0,1972.0,1984.0,1978.0,1979.0,1974.0,1971.0,1970.0,1965.0,1984.0,1987.0,1997.0,1999.0,1988.0,1988.0,1991.0,1998.0,2008.0,2001.0,1992.0,3165.0,3534.0,3513.0,3381.0,3493.0,3371.0,3188.0,3301.0,3270.0,3353.0,3000.0,3481.0,3470.0,3270.0,3450.0,3252.0,3449.0,3511.0,3415.0,113.121374819,0.019963237
1420.0,1984.0,2244.0,1979.0,1975.0,1972.0,1970.0,1969.0,1969.0,1962.0,1969.0,1965.0,1970.0,1960.0,1968.0,1977.0,1955.0,1965.0,1972.0,1978.0,1966.0,1970.0,1979.0,1973.0,1964.0,3163.0,3534.0,3514.0,3382.0,3492.0,3371.0,3189.0,3300.0,3270.0,3354.0,3004.0,3483.0,3471.0,3273.0,3451.0,3252.0,3448.0,3511.0,3416.0,113.141377922,0.019955796
1420.0,1984.0,2245.0,1998.0,1993.0,1990.0,1985.0,1985.0,1982.0,1989.0,1993.0,1991.0,1996.0,1996.0,1995.0,1995.0,1995.0,1991.0,1997.0,1992.0,2002.0,2003.0,2000.0,1999.0,2002.0,3162.0,3534.0,3513.0,3381.0,3492.0,3370.0,3189.0,3301.0,3271.0,3353.0,3007.0,3483.0,3471.0,3275.0,3451.0,3253.0,3449.0,3510.0,3416.0,113.161375639,0.019930276
1420.0,1986.0,2246.0,2023.0,2021.0,2018.0,2015.0,2012.0,2019.0,2025.0,2024.0,2025.0,2022.0,2023.0,2011.0,2018.0,2023.0,2027.0,2025.0,2023.0,2026.0,2015.0,2018.0,2030.0,2021.0,3162.0,3533.0,3513.0,3380.0,3491.0,3371.0,3189.0,3299.0,3272.0,3352.0,3010.0,3483.0,3473.0,3276.0,3453.0,3255.0,3450.0,3510.0,3416.0,113.181378511,0.019929727
1420.0,1985.0,2246.0,2005.0,2006.0,2007.0,2000.0,2012.0,2013.0,1996.0,2005.0,2000.0,1998.0,1993.0,1994.0,1992.0,1995.0,1993.0,1993.0,1989.0,1979.0,1988.0,1989.0,1988.0,1984.0,3158.0,3532.0,3512.0,3378.0,3492.0,3369.0,3189.0,3299.0,3272.0,3353.0,3013.0,3484.0,3473.0,3277.0,3453.0,3255.0,3450.0,3511.0,3417.0,113.201375728,0.019937391000000002
1420.0,1984.0,2247.0,1994.0,1996.0,1993.0,2002.0,1993.0,1993.0,2001.0,2001.0,1994.0,1993.0,1997.0,1995.0,1986.0,1993.0,1999.0,1997.0,2002.0,1999.0,1991.0,1991.0,1993.0,1998.0,3158.0,3531.0,3514.0,3378.0,3492.0,3370.0,3190.0,3299.0,3273.0,3353.0,3016.0,3485.0,3475.0,3279.0,3454.0,3257.0,3449.0,3510.0,3416.0,113.221377065,0.019941531000000002
1420.0,1983.0,2247.0,1989.0,1994.0,1998.0,1983.0,1993.0,2008.0,2005.0,1995.0,1991.0,1995.0,1993.0,1993.0,1999.0,2002.0,1998.0,2001.0,2001.0,2001.0,1994.0,2006.0,2008.0,1999.0,3154.0,3531.0,3511.0,3377.0,3491.0,3369.0,3189.0,3299.0,3273.0,3353.0,3022.0,3487.0,3475.0,3282.0,3455.0,3259.0,3448.0,3512.0,3416.0,113.241379108,0.019954839000000002
1420.0,1985.0,2248.0,1996.0,1998.0,2004.0,2004.0,1995.0,1990.0,1993.0,1993.0,1996.0,1994.0,1997.0,1991.0,1990.0,1995.0,1988.0,1989.0,1994.0,1995.0,1992.0,1998.0,1993.0,1987.0,3152.0,3529.0,3511.0,3376.0,3490.0,3367.0,3190.0,3298.0,3274.0,3353.0,3026.0,3488.0,3475.0,3283.0,3456.0,3261.0,3449.0,3512.0,3417.0,113.261376937,0.019930055000000002
1419.0,1984.0,2248.0,2005.0,2002.0,2000.0,2006.0,2016.0,2008.0,2002.0,2010.0,2003.0,2009.0,2012.0,2015.0,2013.0,2012.0,2018.0,2015.0,2014.0,2019.0,2018.0,2027.0,2019.0,2017.0,3149.0,3530.0,3510.0,3375.0,3491.0,3366.0,3189.0,3299.0,3274.0,3353.0,3029.0,3488.0,3477.0,3284.0,3457.0,3261.0,3449.0,3512.0,3416.0,113.281379791,0.019934634
1420.0,1983.0,2248.0,2014.0,2015.0,2014.0,2016.0,2012.0,2011.0,2000.0,1990.0,2001.0,1993.0,1998.0,2001.0,1993.0,1990.0,1987.0,1994.0,1994.0,1993.0,1993.0,1998.0,1991.0,1993.0,3146.0,3529.0,3510.0,3373.0,3490.0,3366.0,3190.0,3298.0,3275.0,3354.0,3035.0,3490.0,3478.0,3288.0,3458.0,3263.0,3450.0,3512.0,3417.0,113.301377036,0.019936660000000002
1420.0,1986.0,2250.0,1982.0,1972.0,1971.0,1969.0,1976.0,1971.0,1956.0,1966.0,1967.0,1959.0,1955.0,1960.0,1961.0,1957.0,1960.0,1950.0,1943.0,1949.0,1947.0,1956.0,1953.0,1952.0,3142.0,3528.0,3509.0,3371.0,3490.0,3365.0,3190.0,3297.0,3276.0,3353.0,3039.0,3491.0,3480.0,3290.0,3458.0,3264.0,3449.0,3512.0,3417.0,113.321377689,0.019940681000000002
1420.0,1985.0,2251.0,1978.0,1976.0,1980.0,1984.0,1988.0,1985.0,1984.0,1984.0,1985.0,1987.0,1983.0,1979.0,1988.0,1994.0,1995.0,1999.0,1997.0,1985.0,1978.0,1989.0,1979.0,1982.0,3144.0,3529.0,3510.0,3373.0,3490.0,3365.0,3190.0,3297.0,3275.0,3353.0,3038.0,3491.0,3479.0,3290.0,3458.0,3264.0,3449.0,3513.0,3417.0,113.341379818,0.019955562
1419.0,1987.0,2252.0,1985.0,1986.0,1971.0,1979.0,1988.0,1979.0,1969.0,1973.0,1984.0,1975.0,1970.0,1971.0,1962.0,1957.0,1958.0,1968.0,1967.0,1964.0,1955.0,1959.0,1960.0,1961.0,3147.0,3529.0,3510.0,3373.0,3490.0,3367.0,3189.0,3298.0,3274.0,3353.0,3037.0,3491.0,3478.0,3289.0,3457.0,3263.0,3449.0,3512.0,3417.0,113.361377754,0.019924893000000003
1419.0,1985.0,2253.0,1947.0,1951.0,1942.0,1945.0,1941.0,1945.0,1957.0,1961.0,1952.0,1946.0,1949.0,1945.0,1948.0,1963.0,1954.0,1955.0,1948.0,1942.0,1945.0,1942.0,1942.0,1945.0,3149.0,3529.0,3510.0,3375.0,3491.0,3366.0,3190.0,3298.0,3274.0,3353.0,3037.0,3490.0,3478.0,3288.0,3458.0,3262.0,3448.0,3512.0,3417.0,113.381411556,0.019988764000000003
1419.0,1986.0,2254.0,1961.0,1973.0,1962.0,1971.0,1960.0,1971.0,1977.0,1979.0,1986.0,1985.0,1985.0,1974.0,1990.0,1981.0,1978.0,1988.0,1986.0,1984.0,1982.0,1987.0,1979.0,1978.0,3150.0,3529.0,3511.0,3374.0,3490.0,3367.0,3190.0,3298.0,3275.0,3352.0,3040.0,3490.0,3479.0,3290.0,3457.0,3264.0,3449.0,3512.0,3417.0,113.401378141,0.019918567
1420.0,1986.0,2254.0,1999.0,2008.0,2026.0,2019.0,2017.0,2026.0,2008.0,2004.0,2023.0,2023.0,2022.0,2033.0,2009.0,2007.0,2013.0,2014.0,2020.0,2016.0,2023.0,2014.0,2020.0,2017.0,3150.0,3529.0,3510.0,3375.0,3490.0,3366.0,3190.0,3298.0,3274.0,3353.0,3037.0,3490.0,3478.0,3288.0,3457.0,3263.0,3449.0,3512.0,3417.0,113.421378187,0.019938472000000002
1420.0,1987.0,2255.0,1989.0,1989.0,1992.0,1987.0,1983.0,1994.0,1992.0,1980.0,1995.0,1972.0,1978.0,1983.0,1981.0,1982.0,1985.0,1980.0,1990.0,1984.0,1977.0,1986.0,1999.0,1994.0,3154.0,3529.0,3511.0,3377.0,3491.0,3368.0,3189.0,3298.0,3274.0,3353.0,3035.0,3488.0,3477.0,3287.0,3456.0,3261.0,3449.0,3512.0,3417.0,113.441381577,0.019960994000000003
1420.0,1984.0,2256.0,1991.0,1988.0,1982.0,1970.0,1986.0,1986.0,1974.0,1984.0,1986.0,1974.0,1979.0,1975.0,1984.0,1983.0,1977.0,1976.0,1972.0,1967.0,1978.0,1979.0,1970.0,1974.0,3157.0,3530.0,3512.0,3378.0,3492.0,3368.0,3190.0,3297.0,3274.0,3353.0,3033.0,3488.0,3477.0,3287.0,3456.0,3260.0,3448.0,3512.0,3417.0,113.46137827,0.019928424
1421.0,1983.0,2256.0,2012.0,1996.0,2002.0,2009.0,2007.0,2016.0,2019.0,2006.0,2008.0,2017.0,2016.0,2008.0,2011.0,2008.0,2010.0,2014.0,2016.0,2023.0,2021.0,2021.0,2017.0,2018.0,3157.0,3531.0,3510.0,3378.0,3491.0,3369.0,3191.0,3298.0,3273.0,3352.0,3034.0,3488.0,3477.0,3286.0,3458.0,3261.0,3448.0,3512.0,3416.0,113.481378468,0.019957774
1420.0,1986.0,2256.0,2038.0,2027.0,2017.0,2025.0,2030.0,2025.0,2023.0,2036.0,2029.0,2023.0,2024.0,2019.0,2021.0,2026.0,2029.0,2037.0,2042.0,2040.0,2040.0,2036.0,2040.0,2043.0,3158.0,3531.0,3512.0,3378.0,3491.0,3369.0,3189.0,3299.0,3273.0,3352.0,3031.0,3487.0,3477.0,3285.0,3457.0,3260.0,3449.0,3512.0,3417.0,113.501379264,0.019969418000000003
1420.0,1987.0,2256.0,2026.0,2019.0,2021.0,2034.0,2025.0,2013.0,2015.0,2016.0,2006.0,2007.0,2002.0,2005.0,1995.0,1992.0,1999.0,2003.0,1999.0,1993.0,1992.0,1996.0,1991.0,1993.0,3159.0,3531.0,3512.0,3378.0,3492.0,3370.0,3190.0,3298.0,3273.0,3353.0,3031.0,3487.0,3477.0,3285.0,3456.0,3261.0,3449.0,3512.0,3417.0,113.521379772,0.019940922
1421.0,1984.0,2256.0,1991.0,1988.0,1998.0,2001.0,2000.0,1984.0,1985.0,1981.0,1989.0,1995.0,1989.0,1989.0,1989.0,1979.0,1997.0,1992.0,1989.0,1998.0,1995.0,1995.0,1991.0,1993.0,3158.0,3530.0,3512.0,3378.0,3492.0,3369.0,3190.0,3298.0,3273.0,3353.0,3034.0,3488.0,3477.0,3286.0,3457.0,3261.0,3448.0,3512.0,3417.0,113.541382659,0.019961988
1421.0,1985.0,2256.0,2001.0,1999.0,2011.0,2010.0,2012.0,2021.0,2011.0,2016.0,2018.0,2018.0,2029.0,2023.0,2019.0,2020.0,2027.0,2025.0,2029.0,2034.0,2027.0,2039.0,2043.0,2039.0,3158.0,3531.0,3513.0,3378.0,3491.0,3368.0,3190.0,3298.0,3274.0,3352.0,3034.0,3489.0,3477.0,3287.0,3456.0,3261.0,3449.0,3513.0,3417.0,113.561446694,0.019996154000000002
1420.0,1986.0,2255.0,2094.0,2096.0,2097.0,2101.0,2106.0,2107.0,2110.0,2119.0,2113.0,2104.0,2110.0,2110.0,2113.0,2123.0,2116.0,2109.0,2111.0,2119.0,2111.0,2120.0,2125.0,2121.0,3157.0,3530.0,3512.0,3378.0,3492.0,3369.0,3189.0,3298.0,3273.0,3352.0,3032.0,3489.0,3476.0,3286.0,3456.0,3261.0,3448.0,3512.0,3417.0,113.581384506,0.01989697
1420.0,1984.0,2254.0,2102.0,2111.0,2102.0,2096.0,2100.0,2093.0,2090.0,2084.0,2080.0,2086.0,2079.0,2076.0,2072.0,2060.0,2061.0,2059.0,2057.0,2067.0,2058.0,2055.0,2052.0,2053.0,3156.0,3531.0,3512.0,3378.0,3492.0,3369.0,3189.0,3298.0,3273.0,3353.0,3030.0,3488.0,3477.0,3286.0,3457.0,3261.0,3449.0,3513.0,3417.0,113.601380856,0.019931380000000002
1420.0,1984.0,2255.0,2015.0,2010.0,2010.0,2010.0,2013.0,2012.0,2004.0,2000.0,2002.0,2000.0,1999.0,1994.0,1990.0,1999.0,1999.0,1990.0,1992.0,1997.0,1988.0,1993.0,1992.0,1985.0,3153.0,3531.0,3512.0,3377.0,3490.0,3368.0,3190.0,3298.0,3274.0,3352.0,3037.0,3489.0,3478.0,3289.0,3457.0,3263.0,3448.0,3512.0,3417.0,113.621380825,0.019936463
1419.0,1984.0,2255.0,1997.0,1996.0,1997.0,2000.0,2004.0,2000.0,1997.0,2002.0,2005.0,2014.0,2008.0,2004.0,2008.0,2010.0,2014.0,2020.0,2015.0,2018.0,2015.0,2023.0,2018.0,2027.0,3150.0,3528.0,3510.0,3374.0,3491.0,3367.0,3190.0,3297.0,3275.0,3353.0,3043.0,3492.0,3480.0,3291.0,3459.0,3265.0,3449.0,3512.0,3418.0,113.641384181,0.019964707
1421.0,1984.0,2254.0,2060.0,2069.0,2068.0,2076.0,2078.0,2080.0,2086.0,2080.0,2069.0,2080.0,2074.0,2077.0,2086.0,2087.0,2083.0,2086.0,2088.0,2088.0,2095.0,2101.0,2096.0,2088.0,3144.0,3528.0,3509.0,3372.0,3490.0,3365.0,3190.0,3297.0,3275.0,3353.0,3047.0,3492.0,3480.0,3294.0,3459.0,3266.0,3449.0,3512.0,3417.0,113.661384236,0.019933279
1420.0,1984.0,2252.0,2109.0,2113.0,2116.0,2118.0,2116.0,2112.0,2113.0,2115.0,2115.0,2106.0,2099.0,2098.0,2110.0,2117.0,2116.0,2102.0,2102.0,2106.0,2105.0,2111.0,2102.0,2102.0,3145.0,3527.0,3509.0,3372.0,3490.0,3365.0,3190.0,3297.0,3276.0,3354.0,3044.0,3491.0,3480.0,3291.0,3459.0,3264.0,3450.0,3512.0,3417.0,113.681381264,0.019927292000000003
1420.0,1985.0,2251.0,2096.0,2100.0,2096.0,2083.0,2087.0,2093.0,2096.0,2101.0,2104.0,2095.0,2094.0,2090.0,2095.0,2099.0,2093.0,2091.0,2086.0,2083.0,2080.0,2082.0,2082.0,2072.0,3147.0,3528.0,3510.0,3373.0,3490.0,3366.0,3191.0,3298.0,3275.0,3353.0,3038.0,3490.0,3478.0,3288.0,3458.0,3262.0,3449.0,3511.0,3417.0,113.701381833,0.019961222
1420.0,1985.0,2251.0,2057.0,2059.0,2049.0,2043.0,2041.0,2040.0,2047.0,2066.0,2059.0,2053.0,2051.0,2053.0,2054.0,2056.0,2071.0,2065.0,2058.0,2059.0,2055.0,2064.0,2056.0,2065.0,3150.0,3529.0,3510.0,3374.0,3490.0,3366.0,3190.0,3297.0,3274.0,3353.0,3035.0,3488.0,3478.0,3287.0,3457.0,3260.0,3449.0,3513.0,3416.0,113.721386035,0.019942277
1421.0,1983.0,2250.0,2038.0,2038.0,2030.0,2021.0,2032.0,2032.0,2028.0,2033.0,2034.0,2030.0,2039.0,2045.0,2043.0,2041.0,2046.0,2053.0,2067.0,2067.0,2065.0,2073.0,2069.0,2067.0,3152.0,3530.0,3510.0,3375.0,3490.0,3367.0,3190.0,3298.0,3274.0,3353.0,3032.0,3489.0,3477.0,3285.0,3456.0,3260.0,3448.0,3512.0,3416.0,113.741385525,0.019929466
1421.0,1983.0,2250.0,2048.0,2045.0,2050.0,2055.0,2056.0,2055.0,2046.0,2052.0,2054.0,2057.0,2055.0,2047.0,2058.0,2065.0,2070.0,2070.0,2073.0,2065.0,2068.0,2073.0,2079.0,2078.0,3153.0,3530.0,3511.0,3375.0,3491.0,3367.0,3191.0,3298.0,3274.0,3353.0,3031.0,3488.0,3476.0,3285.0,3455.0,3260.0,3448.0,3511.0,3417.0,113.761410556,0.019957097
1420.0,1983.0,2250.0,2077.0,2066.0,2059.0,2073.0,2054.0,2045.0,2059.0,2056.0,2052.0,2045.0,2048.0,2054.0,2061.0,2057.0,2073.0,2061.0,2063.0,2082.0,2069.0,2063.0,2062.0,2057.0,3153.0,3529.0,3511.0,3375.0,3490.0,3366.0,3191.0,3298.0,3273.0,3352.0,3030.0,3487.0,3476.0,3283.0,3456.0,3259.0,3448.0,3510.0,3417.0,113.781382407,0.019899409
1420.0,1986.0,2247.0,2074.0,2071.0,2074.0,2074.0,2072.0,2071.0,2078.0,2086.0,2094.0,2073.0,2085.0,2100.0,2104.0,2120.0,2130.0,2122.0,2124.0,2128.0,2120.0,2127.0,2132.0,2125.0,3154.0,3531.0,3511.0,3376.0,3492.0,3368.0,3190.0,3298.0,3273.0,3353.0,3026.0,3487.0,3475.0,3281.0,3455.0,3258.0,3449.0,3511.0,3416.0,113.801382855,0.019955226
1420.0,1984.0,2246.0,2104.0,2095.0,2074.0,2078.0,2089.0,2089.0,2085.0,2080.0,2070.0,2095.0,2107.0,2107.0,2096.0,2096.0,2102.0,2104.0,2093.0,2107.0,2111.0,2116.0,2100.0,2078.0,3157.0,3530.0,3513.0,3377.0,3491.0,3368.0,3191.0,3299.0,3273.0,3353.0,3018.0,3486.0,3474.0,3277.0,3453.0,3254.0,3449.0,3511.0,3417.0,113.821383377,0.019943234
1421.0,1983.0,2246.0,2096.0,2086.0,2087.0,2073.0,2064.0,2055.0,2061.0,2072.0,2073.0,2065.0,2070.0,2066.0,2063.0,2056.0,2069.0,2088.0,2076.0,2091.0,2074.0,2056.0,2062.0,2078.0,3160.0,3531.0,3514.0,3379.0,3492.0,3369.0,3190.0,3300.0,3271.0,3353.0,3011.0,3483.0,3471.0,3275.0,3453.0,3254.0,3449.0,3511.0,3417.0,113.841386642,0.019963565000000003
1420.0,1985.0,2246.0,1998.0,1994.0,2018.0,2029.0,2034.0,2018.0,2020.0,2010.0,2018.0,2028.0,2025.0,2007.0,2004.0,2012.0,2015.0,2016.0,2021.0,2006.0,1999.0,2002.0,2000.0,2004.0,3162.0,3532.0,3514.0,3380.0,3492.0,3370.0,3190.0,3300.0,3271.0,3352.0,3008.0,3482.0,3471.0,3274.0,3452.0,3252.0,3449.0,3510.0,3416.0,113.861468603,0.020011884
1420.0,1984.0,2247.0,1969.0,1970.0,1963.0,1951.0,1954.0,1961.0,1961.0,1963.0,1945.0,1934.0,1939.0,1944.0,1939.0,1945.0,1954.0,1952.0,1947.0,1953.0,1958.0,1958.0,1942.0,1943.0,3163.0,3533.0,3513.0,3380.0,3491.0,3370.0,3190.0,3300.0,3271.0,3353.0,3010.0,3483.0,3472.0,3274.0,3451.0,3253.0,3449.0,3511.0,3417.0,113.881384434,0.019875985000000002
1420.0,1984.0,2249.0,1936.0,1939.0,1944.0,1945.0,1933.0,1933.0,1942.0,1949.0,1950.0,1957.0,1961.0,1954.0,1956.0,1960.0,1956.0,1951.0,1954.0,1955.0,1945.0,1947.0,1946.0,1936.0,3162.0,3533.0,3514.0,3379.0,3491.0,3370.0,3190.0,3299.0,3272.0,3353.0,3016.0,3484.0,3472.0,3277.0,3453.0,3256.0,3449.0,3511.0,3417.0,113.901384516,0.019956032000000002
1420.0,1982.0,2251.0,1927.0,1933.0,1931.0,1930.0,1930.0,1928.0,1933.0,1935.0,1925.0,1938.0,1939.0,1929.0,1951.0,1945.0,1938.0,1931.0,1938.0,1947.0,1936.0,1940.0,1941.0,1933.0,3161.0,3532.0,3513.0,3379.0,3491.0,3369.0,3190.0,3298.0,3273.0,3352.0,3021.0,3486.0,3474.0,3280.0,3455.0,3256.0,3450.0,3511.0,3416.0,113.921386926,0.019938937
1421.0,1985.0,2254.0,1929.0,1927.0,1921.0,1918.0,1924.0,1920.0,1926.0,1923.0,1927.0,1930.0,1925.0,1915.0,1915.0,1918.0,1918.0,1911.0,1917.0,1907.0,1906.0,1915.0,1909.0,1910.0,3160.0,3531.0,3512.0,3379.0,3491.0,3369.0,3190.0,3298.0,3272.0,3353.0,3024.0,3485.0,3474.0,3281.0,3455.0,3257.0,3448.0,3511.0,3417.0,113.941385971,0.019929205000000002
1421.0,1984.0,2255.0,1936.0,1931.0,1939.0,1932.0,1927.0,1933.0,1941.0,1939.0,1940.0,1941.0,1941.0,1938.0,1938.0,1936.0,1937.0,1932.0,1924.0,1937.0,1934.0,1944.0,1943.0,1937.0,3163.0,3532.0,3513.0,3380.0,3492.0,3370.0,3190.0,3300.0,3271.0,3353.0,3023.0,3485.0,3474.0,3280.0,3455.0,3256.0,3448.0,3511.0,3416.0,113.961426975,0.019973624000000002
1420.0,1984.0,2256.0,1988.0,1984.0,1985.0,1990.0,1990.0,1989.0,1993.0,1992.0,1992.0,2006.0,2003.0,1986.0,2000.0,1999.0,2003.0,2002.0,2017.0,2004.0,2009.0,2007.0,2006.0,2011.0,3164.0,3533.0,3514.0,3381.0,3494.0,3371.0,3190.0,3300.0,3272.0,3353.0,3021.0,3485.0,3474.0,3280.0,3454.0,3257.0,3448.0,3512.0,3417.0,113.98138569300001,0.019911674
1420.0,1983.0,2254.0,2057.0,2050.0,2050.0,2049.0,2047.0,2049.0,2043.0,2042.0,2046.0,2046.0,2054.0,2051.0,2047.0,2042.0,2046.0,2044.0,2043.0,2043.0,2040.0,2051.0,2041.0,2041.0,3164.0,3532.0,3514.0,3381.0,3492.0,3370.0,3190.0,3299.0,3272.0,3352.0,3024.0,3485.0,3475.0,3282.0,3454.0,3257.0,3448.0,3511.0,3417.0,114.001384798,0.019952665
1420.0,1983.0,2253.0,2054.0,2056.0,2056.0,2053.0,2059.0,2060.0,2058.0,2056.0,2058.0,2062.0,2072.0,2068.0,2068.0,2068.0,2073.0,2070.0,2066.0,2068.0,2070.0,2075.0,2075.0,2068.0,3159.0,3531.0,3513.0,3380.0,3491.0,3369.0,3190.0,3299.0,3273.0,3352.0,3028.0,3487.0,3476.0,3285.0,3455.0,3259.0,3449.0,3512.0,3417.0,114.02139195,0.019951173000000003
1420.0,1983.0,2253.0,2074.0,2075.0,2076.0,2072.0,2069.0,2077.0,2072.0,2070.0,2073.0,2071.0,2074.0,2075.0,2077.0,2074.0,2075.0,2069.0,2069.0,2071.0,2070.0,2077.0,2076.0,2070.0,3155.0,3531.0,3513.0,3378.0,3491.0,3368.0,3190.0,3298.0,3274.0,3353.0,3031.0,3488.0,3476.0,3286.0,3457.0,3260.0,3449.0,3512.0,3417.0,114.041385905,0.019914257
1420.0,1981.0,2252.0,2075.0,2072.0,2071.0,2077.0,2076.0,2071.0,2067.0,2070.0,2069.0,2065.0,2063.0,2061.0,2063.0,2064.0,2064.0,2065.0,2062.0,2064.0,2063.0,2058.0,2060.0,2052.0,3151.0,3530.0,3510.0,3376.0,3491.0,3368.0,3190.0,3297.0,3274.0,3353.0,3035.0,3488.0,3477.0,3287.0,3457.0,3262.0,3449.0,3512.0,3417.0,114.061460774,0.020039287000000003
1420.0,1984.0,2251.0,2026.0,2033.0,2036.0,2034.0,2025.0,2030.0,2029.0,2026.0,2027.0,2027.0,2023.0,2026.0,2022.0,2024.0,2025.0,2029.0,2026.0,2026.0,2026.0,2034.0,2040.0,2037.0,3151.0,3529.0,3510.0,3375.0,3490.0,3366.0,3191.0,3298.0,3275.0,3353.0,3036.0,3489.0,3478.0,3288.0,3458.0,3262.0,3449.0,3512.0,3418.0,114.08138851,0.019887531
1420.0,1983.0,2251.0,2064.0,2063.0,2055.0,2061.0,2061.0,2062.0,2064.0,2062.0,2066.0,2070.0,2058.0,2062.0,2070.0,2068.0,2070.0,2073.0,2069.0,2068.0,2067.0,2072.0,2070.0,2073.0,3151.0,3529.0,3511.0,3375.0,3490.0,3366.0,3189.0,3298.0,3274.0,3353.0,3034.0,3488.0,3478.0,3287.0,3457.0,3262.0,3449.0,3512.0,3417.0,114.101386929,0.01995026
1420.0,1984.0,2249.0,2103.0,2101.0,2099.0,2102.0,2109.0,2105.0,2113.0,2112.0,2114.0,2107.0,2105.0,2103.0,2104.0,2105.0,2109.0,2113.0,2110.0,2106.0,2108.0,2111.0,2099.0,2108.0,3151.0,3529.0,3510.0,3375.0,3491.0,3366.0,3190.0,3298.0,3275.0,3353.0,3031.0,3489.0,3477.0,3285.0,3456.0,3259.0,3449.0,3511.0,3417.0,114.121389728,0.019944176
1421.0,1983.0,2248.0,2109.0,2100.0,2107.0,2099.0,2098.0,2103.0,2106.0,2104.0,2097.0,2094.0,2103.0,2108.0,2105.0,2104.0,2098.0,2094.0,2103.0,2106.0,2089.0,2093.0,2104.0,2091.0,3151.0,3530.0,3510.0,3374.0,3490.0,3366.0,3190.0,3298.0,3274.0,3354.0,3031.0,3488.0,3477.0,3285.0,3456.0,3260.0,3449.0,3511.0,3416.0,114.141466521,0.020009839
1421.0,1982.0,2247.0,2079.0,2070.0,2062.0,2048.0,2047.0,2053.0,2064.0,2066.0,2055.0,2041.0,2039.0,2043.0,2027.0,2034.0,2047.0,2048.0,2040.0,2021.0,2025.0,2033.0,2015.0,2012.0,3150.0,3530.0,3511.0,3375.0,3490.0,3368.0,3190.0,3298.0,3274.0,3354.0,3029.0,3488.0,3476.0,3283.0,3456.0,3259.0,3449.0,3511.0,3417.0,114.16139033,0.019897006000000002
1420.0,1983.0,2249.0,1974.0,1977.0,1976.0,1970.0,1972.0,1960.0,1962.0,1964.0,1947.0,1950.0,1946.0,1950.0,1949.0,1942.0,1942.0,1941.0,1937.0,1937.0,1942.0,1937.0,1935.0,1935.0,3156.0,3531.0,3511.0,3378.0,3491.0,3369.0,3191.0,3298.0,3274.0,3353.0,3024.0,3487.0,3475.0,3281.0,3455.0,3257.0,3448.0,3511.0,3416.0,114.181387834,0.019929054
1421.0,1983.0,2251.0,1908.0,1923.0,1922.0,1920.0,1934.0,1930.0,1929.0,1934.0,1929.0,1931.0,1931.0,1941.0,1941.0,1933.0,1932.0,1930.0,1936.0,1937.0,1941.0,1948.0,1948.0,1948.0,3158.0,3530.0,3513.0,3378.0,3491.0,3368.0,3190.0,3299.0,3272.0,3353.0,3026.0,3487.0,3475.0,3282.0,3455.0,3258.0,3449.0,3511.0,3416.0,114.201387701,0.019957441000000003
1421.0,1985.0,2251.0,2014.0,2014.0,2014.0,2023.0,2027.0,2034.0,2034.0,2036.0,2042.0,2034.0,2032.0,2033.0,2033.0,2037.0,2048.0,2054.0,2043.0,2035.0,2043.0,2052.0,2059.0,2060.0,3157.0,3531.0,3512.0,3377.0,3491.0,3368.0,3191.0,3298.0,3273.0,3353.0,3028.0,3487.0,3476.0,3283.0,3455.0,3259.0,3449.0,3512.0,3416.0,114.221389204,0.019939136
1420.0,1985.0,2250.0,2067.0,2069.0,2070.0,2071.0,2069.0,2080.0,2076.0,2064.0,2066.0,2069.0,2072.0,2081.0,2073.0,2067.0,2061.0,2065.0,2063.0,2067.0,2064.0,2068.0,2065.0,2068.0,3154.0,3530.0,3511.0,3376.0,3491.0,3368.0,3190.0,3298.0,3274.0,3354.0,3029.0,3488.0,3475.0,3283.0,3455.0,3258.0,3449.0,3512.0,3417.0,114.241389124,0.019933871000000002
1421.0,1985.0,2250.0,2034.0,2035.0,2038.0,2040.0,2038.0,2025.0,2037.0,2032.0,2033.0,2033.0,2026.0,2031.0,2032.0,2032.0,2031.0,2032.0,2025.0,2020.0,2022.0,2021.0,2019.0,2017.0,3152.0,3531.0,3511.0,3375.0,3491.0,3367.0,3192.0,3297.0,3274.0,3353.0,3031.0,3490.0,3477.0,3285.0,3456.0,3259.0,3449.0,3512.0,3416.0,114.261389483,0.019941912000000003
1421.0,1984.0,2251.0,1983.0,1987.0,1984.0,1988.0,1984.0,1981.0,1970.0,1970.0,1971.0,1958.0,1969.0,1978.0,1976.0,1972.0,1971.0,1968.0,1966.0,1980.0,1976.0,1968.0,1971.0,1969.0,3151.0,3530.0,3511.0,3374.0,3491.0,3366.0,3190.0,3298.0,3275.0,3353.0,3035.0,3489.0,3479.0,3286.0,3456.0,3261.0,3448.0,3513.0,3417.0,114.281393159,0.019937972
1421.0,1984.0,2252.0,1971.0,1967.0,1977.0,1987.0,1980.0,1987.0,1983.0,1976.0,1978.0,1981.0,1987.0,1989.0,1989.0,1991.0,1986.0,1990.0,1992.0,1993.0,1995.0,2005.0,2001.0,2002.0,3150.0,3528.0,3510.0,3373.0,3490.0,3365.0,3190.0,3298.0,3275.0,3352.0,3037.0,3490.0,3478.0,3288.0,3457.0,3262.0,3448.0,3511.0,3417.0,114.301388534,0.019917454
1420.0,1984.0,2251.0,2019.0,2027.0,2027.0,2037.0,2041.0,2032.0,2030.0,2037.0,2038.0,2037.0,2034.0,2045.0,2043.0,2040.0,2040.0,2045.0,2045.0,2043.0,2048.0,2057.0,2056.0,2055.0,3149.0,3529.0,3508.0,3373.0,3490.0,3366.0,3191.0,3297.0,3275.0,3353.0,3039.0,3491.0,3478.0,3289.0,3457.0,3262.0,3449.0,3512.0,3418.0,114.321392261,0.019950382000000003
1420.0,1986.0,2250.0,2085.0,2089.0,2086.0,2077.0,2097.0,2100.0,2090.0,2096.0,2102.0,2096.0,2088.0,2096.0,2089.0,2091.0,2091.0,2091.0,2094.0,2095.0,2091.0,2087.0,2082.0,2089.0,3147.0,3528.0,3509.0,3373.0,3490.0,3365.0,3192.0,3297.0,3275.0,3353.0,3039.0,3489.0,3479.0,3288.0,3457.0,3261.0,3450.0,3512.0,3417.0,114.34138834,0.019925386
1420.0,1985.0,2249.0,2107.0,2106.0,2105.0,2115.0,2112.0,2106.0,2094.0,2103.0,2102.0,2093.0,2094.0,2092.0,2083.0,2080.0,2080.0,2076.0,2077.0,2064.0,2062.0,2066.0,2085.0,2075.0,3150.0,3529.0,3510.0,3373.0,3489.0,3366.0,3191.0,3298.0,3274.0,3353.0,3033.0,3489.0,3478.0,3285.0,3455.0,3259.0,3448.0,3512.0,3417.0,114.361393577,0.019975815
1420.0,1985.0,2249.0,2066.0,2068.0,2067.0,2066.0,2077.0,2074.0,2068.0,2055.0,2050.0,2052.0,2058.0,2048.0,2041.0,2043.0,2036.0,2045.0,2031.0,2015.0,2031.0,2032.0,2027.0,2034.0,3152.0,3528.0,3511.0,3374.0,3491.0,3366.0,3190.0,3298.0,3274.0,3353.0,3032.0,3488.0,3477.0,3284.0,3456.0,3260.0,3449.0,3510.0,3417.0,114.381391279,0.019921284
1420.0,1984.0,2248.0,2038.0,2029.0,2031.0,2029.0,2033.0,2040.0,2044.0,2035.0,2042.0,2047.0,2042.0,2035.0,2043.0,2053.0,2051.0,2058.0,2055.0,2043.0,2047.0,2047.0,2046.0,2048.0,3148.0,3529.0,3509.0,3373.0,3489.0,3365.0,3191.0,3298.0,3275.0,3353.0,3035.0,3489.0,3478.0,3286.0,3456.0,3260.0,3449.0,3511.0,3417.0,114.401389197,0.019911221
1421.0,1984.0,2247.0,2077.0,2081.0,2073.0,2084.0,2089.0,2087.0,2091.0,2077.0,2082.0,2098.0,2092.0,2077.0,2084.0,2078.0,2073.0,2061.0,2064.0,2058.0,2061.0,2064.0,2059.0,2056.0,3147.0,3529.0,3509.0,3372.0,3489.0,3366.0,3191.0,3298.0,3275.0,3354.0,3032.0,3488.0,3477.0,3285.0,3456.0,3259.0,3449.0,3511.0,3416.0,114.421391887,0.019948662000000002
1420.0,1984.0,2248.0,2040.0,2055.0,2058.0,2044.0,2030.0,2045.0,2032.0,2030.0,2026.0,2018.0,2002.0,2004.0,2004.0,2016.0,2015.0,2013.0,2005.0,1997.0,1997.0,1992.0,2008.0,2012.0,3152.0,3530.0,3511.0,3374.0,3489.0,3366.0,3191.0,3299.0,3275.0,3353.0,3027.0,3488.0,3477.0,3283.0,3455.0,3258.0,3449.0,3512.0,3416.0,114.44139091,0.019933172000000002
1421.0,1984.0,2248.0,1985.0,1988.0,2000.0,2001.0,2006.0,2013.0,2007.0,2008.0,2025.0,2043.0,2043.0,2037.0,2021.0,2008.0,2017.0,2029.0,2032.0,2032.0,2034.0,2024.0,2014.0,2021.0,3155.0,3530.0,3512.0,3377.0,3490.0,3367.0,3190.0,3298.0,3273.0,3353.0,3022.0,3486.0,3474.0,3280.0,3454.0,3257.0,3448.0,3510.0,3417.0,114.461396123,0.019968861
1420.0,1984.0,2248.0,2041.0,2039.0,2047.0,2066.0,2069.0,2068.0,2072.0,2072.0,2070.0,2067.0,2063.0,2062.0,2072.0,2057.0,2051.0,2053.0,2046.0,2034.0,2047.0,2044.0,2037.0,2038.0,3158.0,3531.0,3513.0,3378.0,3490.0,3368.0,3190.0,3299.0,3273.0,3353.0,3018.0,3485.0,3473.0,3278.0,3453.0,3256.0,3449.0,3512.0,3416.0,114.481393018,0.019916881
1421.0,1985.0,2246.0,2052.0,2038.0,2035.0,2039.0,2039.0,2039.0,2058.0,2049.0,2040.0,2046.0,2034.0,2033.0,2045.0,2045.0,2048.0,2048.0,2040.0,2046.0,2034.0,2040.0,2039.0,2032.0,3160.0,3532.0,3512.0,3379.0,3491.0,3370.0,3190.0,3300.0,3272.0,3352.0,3014.0,3484.0,3473.0,3277.0,3451.0,3254.0,3448.0,3510.0,3416.0,114.501391931,0.019920493
1421.0,1984.0,2247.0,2038.0,2026.0,2027.0,2017.0,2018.0,2020.0,2029.0,2023.0,2030.0,2034.0,2029.0,2017.0,2016.0,2024.0,2022.0,2027.0,2008.0,1990.0,1972.0,1986.0,1987.0,1992.0,3162.0,3533.0,3514.0,3380.0,3493.0,3371.0,3191.0,3300.0,3272.0,3354.0,3014.0,3484.0,3473.0,3277.0,3453.0,3254.0,3449.0,3512.0,3416.0,114.521392961,0.019945335
1421.0,1983.0,2249.0,1980.0,1977.0,1968.0,1971.0,1975.0,1974.0,1968.0,1962.0,1955.0,1950.0,1946.0,1960.0,1954.0,1938.0,1947.0,1954.0,1939.0,1927.0,1918.0,1909.0,1906.0,1928.0,3158.0,3531.0,3512.0,3379.0,3492.0,3368.0,3191.0,3300.0,3273.0,3353.0,3021.0,3486.0,3474.0,3279.0,3454.0,3256.0,3449.0,3511.0,3416.0,114.541391543,0.019938334000000002
1421.0,1983.0,2251.0,1937.0,1918.0,1920.0,1926.0,1915.0,1915.0,1915.0,1912.0,1915.0,1923.0,1941.0,1922.0,1902.0,1902.0,1886.0,1894.0,1900.0,1917.0,1926.0,1918.0,1911.0,1931.0,3157.0,3531.0,3512.0,3377.0,3491.0,3368.0,3190.0,3298.0,3273.0,3353.0,3027.0,3487.0,3475.0,3283.0,3455.0,3259.0,3448.0,3512.0,3417.0,114.561393751,0.019965369
1420.0,1982.0,2252.0,1982.0,1979.0,1968.0,1978.0,1951.0,1958.0,1958.0,1939.0,1949.0,1939.0,1933.0,1935.0,1934.0,1944.0,1951.0,1944.0,1942.0,1942.0,1957.0,1984.0,1989.0,1995.0,3156.0,3531.0,3511.0,3377.0,3492.0,3368.0,3191.0,3298.0,3273.0,3352.0,3029.0,3487.0,3476.0,3282.0,3455.0,3259.0,3449.0,3512.0,3417.0,114.581393929,0.019937391000000002
1421.0,1983.0,2253.0,1956.0,1962.0,1966.0,1960.0,1959.0,1944.0,1937.0,1941.0,1955.0,1950.0,1947.0,1958.0,1954.0,1948.0,1964.0,1976.0,1984.0,1989.0,1995.0,1996.0,1980.0,1981.0,3155.0,3530.0,3512.0,3377.0,3492.0,3369.0,3190.0,3298.0,3274.0,3352.0,3030.0,3487.0,3476.0,3284.0,3456.0,3259.0,3450.0,3512.0,3418.0,114.601393973,0.019932113
1421.0,1982.0,2256.0,1900.0,1894.0,1884.0,1883.0,1874.0,1863.0,1870.0,1867.0,1860.0,1866.0,1872.0,1869.0,1861.0,1872.0,1888.0,1895.0,1907.0,1905.0,1903.0,1895.0,1892.0,1892.0,3155.0,3530.0,3512.0,3378.0,3491.0,3368.0,3191.0,3298.0,3273.0,3353.0,3035.0,3488.0,3477.0,3285.0,3456.0,3260.0,3449.0,3512.0,3417.0,114.621395788,0.019941697
1420.0,1984.0,2260.0,1844.0,1849.0,1853.0,1847.0,1843.0,1859.0,1858.0,1863.0,1863.0,1861.0,1859.0,1874.0,1881.0,1876.0,1866.0,1865.0,1874.0,1875.0,1872.0,1874.0,1875.0,1869.0,3157.0,3529.0,3513.0,3377.0,3491.0,3368.0,3190.0,3298.0,3274.0,3353.0,3039.0,3489.0,3478.0,3289.0,3458.0,3262.0,3448.0,3512.0,3417.0,114.641393411,0.019919108
1420.0,1984.0,2263.0,1860.0,1854.0,1860.0,1857.0,1866.0,1861.0,1863.0,1861.0,1865.0,1859.0,1861.0,1861.0,1865.0,1868.0,1860.0,1868.0,1861.0,1874.0,1873.0,1875.0,1879.0,1874.0,3156.0,3530.0,3511.0,3376.0,3491.0,3368.0,3191.0,3297.0,3275.0,3352.0,3046.0,3490.0,3480.0,3291.0,3458.0,3264.0,3449.0,3513.0,3418.0,114.661396282,0.019962735000000002
1421.0,1985.0,2264.0,1928.0,1930.0,1926.0,1926.0,1930.0,1938.0,1938.0,1946.0,1939.0,1932.0,1938.0,1931.0,1932.0,1942.0,1935.0,1931.0,1932.0,1934.0,1940.0,1947.0,1952.0,1958.0,3155.0,3529.0,3510.0,3377.0,3491.0,3368.0,3191.0,3297.0,3275.0,3351.0,3050.0,3492.0,3480.0,3293.0,3459.0,3264.0,3448.0,3512.0,3417.0,114.68139507,0.019932014
1421.0,1987.0,2264.0,1990.0,1992.0,1997.0,2007.0,2009.0,2007.0,2012.0,2019.0,2019.0,2015.0,2013.0,2008.0,2005.0,2022.0,2022.0,2012.0,2014.0,2012.0,2000.0,2003.0,2006.0,1999.0,3155.0,3529.0,3512.0,3377.0,3490.0,3368.0,3191.0,3296.0,3275.0,3353.0,3050.0,3491.0,3480.0,3292.0,3458.0,3265.0,3448.0,3512.0,3418.0,114.701393804,0.019933256
1421.0,1984.0,2262.0,2046.0,2046.0,2055.0,2060.0,2060.0,2069.0,2067.0,2075.0,2078.0,2089.0,2095.0,2089.0,2104.0,2105.0,2109.0,2115.0,2115.0,2112.0,2120.0,2124.0,2122.0,2126.0,3156.0,3530.0,3511.0,3377.0,3491.0,3368.0,3191.0,3298.0,3274.0,3352.0,3046.0,3491.0,3478.0,3290.0,3458.0,3263.0,3448.0,3512.0,3417.0,114.721395417,0.019952577000000003
1421.0,1988.0,2260.0,2152.0,2139.0,2150.0,2152.0,2150.0,2143.0,2144.0,2140.0,2142.0,2144.0,2125.0,2129.0,2132.0,2129.0,2124.0,2131.0,2123.0,2121.0,2129.0,2126.0,2125.0,2132.0,3162.0,3531.0,3512.0,3379.0,3492.0,3370.0,3191.0,3298.0,3272.0,3352.0,3035.0,3487.0,3477.0,3285.0,3456.0,3259.0,3448.0,3512.0,3416.0,114.741395228,0.019934147000000003
1421.0,1987.0,2258.0,2097.0,2099.0,2101.0,2102.0,2090.0,2102.0,2095.0,2097.0,2096.0,2099.0,2093.0,2094.0,2097.0,2086.0,2082.0,2075.0,2071.0,2072.0,2071.0,2074.0,2065.0,2071.0,3166.0,3533.0,3513.0,3382.0,3493.0,3371.0,3192.0,3298.0,3272.0,3352.0,3026.0,3485.0,3475.0,3281.0,3454.0,3258.0,3447.0,3512.0,3417.0,114.761395543,0.019955792
1421.0,1988.0,2259.0,2011.0,2014.0,2012.0,2010.0,2007.0,2011.0,2008.0,2004.0,2009.0,2008.0,2001.0,1995.0,1994.0,1994.0,1990.0,1992.0,1992.0,1988.0,1984.0,1986.0,1987.0,1989.0,3170.0,3533.0,3515.0,3383.0,3493.0,3372.0,3192.0,3299.0,3271.0,3352.0,3024.0,3485.0,3473.0,3280.0,3453.0,3256.0,3447.0,3512.0,3416.0,114.781397841,0.019936491
1420.0,1985.0,2260.0,1966.0,1971.0,1970.0,1979.0,1981.0,1974.0,1971.0,1971.0,1974.0,1972.0,1972.0,1977.0,1977.0,1978.0,1981.0,1987.0,1981.0,1984.0,1989.0,1997.0,1989.0,1999.0,3170.0,3533.0,3514.0,3384.0,3493.0,3371.0,3191.0,3300.0,3271.0,3351.0,3024.0,3485.0,3473.0,3280.0,3454.0,3257.0,3447.0,3512.0,3417.0,114.801395674,0.01992588
1420.0,1984.0,2260.0,2032.0,2036.0,2028.0,2028.0,2024.0,2029.0,2039.0,2037.0,2040.0,2035.0,2032.0,2041.0,2046.0,2053.0,2056.0,2057.0,2061.0,2063.0,2057.0,2065.0,2062.0,2060.0,3171.0,3533.0,3515.0,3385.0,3494.0,3373.0,3191.0,3300.0,3271.0,3352.0,3022.0,3484.0,3474.0,3279.0,3453.0,3256.0,3448.0,3512.0,3417.0,114.821398056,0.019947370000000002
1421.0,1986.0,2258.0,2105.0,2110.0,2109.0,2111.0,2108.0,2100.0,2101.0,2104.0,2104.0,2092.0,2092.0,2090.0,2086.0,2093.0,2098.0,2091.0,2084.0,2085.0,2084.0,2086.0,2095.0,2088.0,3172.0,3535.0,3515.0,3385.0,3494.0,3373.0,3191.0,3299.0,3271.0,3351.0,3020.0,3484.0,3473.0,3279.0,3454.0,3255.0,3447.0,3512.0,3418.0,114.841395294,0.019930208
1421.0,1980.0,2257.0,2085.0,2095.0,2099.0,2098.0,2106.0,2098.0,2097.0,2095.0,2096.0,2105.0,2106.0,2108.0,2114.0,2112.0,2100.0,2096.0,2102.0,2099.0,2097.0,2104.0,2097.0,2090.0,3168.0,3533.0,3515.0,3382.0,3493.0,3371.0,3191.0,3299.0,3271.0,3352.0,3023.0,3485.0,3474.0,3281.0,3454.0,3257.0,3448.0,3511.0,3417.0,114.86139861,0.019964672000000003
1421.0,1983.0,2256.0,2093.0,2089.0,2085.0,2080.0,2070.0,2071.0,2067.0,2060.0,2063.0,2055.0,2056.0,2057.0,2054.0,2052.0,2048.0,2045.0,2039.0,2037.0,2037.0,2033.0,2028.0,2029.0,3164.0,3531.0,3513.0,3380.0,3492.0,3371.0,3190.0,3298.0,3273.0,3352.0,3029.0,3487.0,3476.0,3283.0,3456.0,3259.0,3448.0,3513.0,3417.0,114.881396731,0.019932204000000002
1421.0,1984.0,2257.0,2001.0,1992.0,1985.0,1994.0,1998.0,1994.0,1995.0,1998.0,1995.0,1988.0,1989.0,1989.0,1996.0,2008.0,2004.0,1994.0,1999.0,1993.0,1998.0,2003.0,1998.0,1998.0,3161.0,3531.0,3512.0,3379.0,3492.0,3369.0,3191.0,3298.0,3274.0,3353.0,3035.0,3488.0,3476.0,3286.0,3456.0,3260.0,3448.0,3511.0,3417.0,114.901396091,0.019933478
1421.0,1984.0,2258.0,1973.0,1973.0,1987.0,1988.0,1987.0,2004.0,2001.0,1993.0,1994.0,1992.0,1990.0,1988.0,1995.0,1992.0,1991.0,1994.0,1984.0,1986.0,1986.0,1993.0,1993.0,1991.0,3161.0,3530.0,3512.0,3379.0,3492.0,3369.0,3191.0,3298.0,3273.0,3353.0,3035.0,3489.0,3477.0,3286.0,3457.0,3260.0,3447.0,3513.0,3418.0,114.921399533,0.019963983
1421.0,1983.0,2258.0,1992.0,1995.0,2006.0,1998.0,1994.0,1991.0,1998.0,1999.0,2003.0,2004.0,2005.0,2015.0,2019.0,2019.0,2025.0,2033.0,2036.0,2036.0,2038.0,2042.0,2028.0,2026.0,3163.0,3531.0,3513.0,3380.0,3492.0,3369.0,3191.0,3300.0,3273.0,3352.0,3031.0,3487.0,3474.0,3282.0,3454.0,3257.0,3447.0,3511.0,3417.0,114.941396843,0.019926685
1421.0,1985.0,2258.0,2024.0,2028.0,2031.0,2042.0,2033.0,2029.0,2025.0,2029.0,2030.0,2018.0,2027.0,2028.0,2027.0,2030.0,2020.0,2028.0,2024.0,2025.0,2033.0,2035.0,2035.0,2040.0,3168.0,3533.0,3514.0,3382.0,3493.0,3372.0,3191.0,3299.0,3271.0,3351.0,3022.0,3485.0,3475.0,3280.0,3454.0,3257.0,3448.0,3511.0,3417.0,114.96140062,0.019963565000000003
1421.0,1984.0,2258.0,2022.0,2022.0,2024.0,2023.0,2027.0,2018.0,2018.0,2016.0,2021.0,2022.0,2005.0,2009.0,2002.0,1997.0,2008.0,2000.0,1990.0,1997.0,1997.0,1993.0,1996.0,2006.0,3169.0,3534.0,3514.0,3383.0,3493.0,3371.0,3191.0,3299.0,3271.0,3352.0,3024.0,3485.0,3475.0,3280.0,3454.0,3257.0,3447.0,3512.0,3417.0,114.981400405,0.019931487
1421.0,1984.0,2259.0,1984.0,1984.0,1995.0,1994.0,1990.0,1991.0,1992.0,1993.0,1992.0,2000.0,2003.0,2009.0,2006.0,1997.0,2008.0,2007.0,2004.0,2009.0,2020.0,2009.0,2007.0,2011.0,3165.0,3532.0,3514.0,3381.0,3493.0,3371.0,3191.0,3298.0,3273.0,3352.0,3031.0,3487.0,3476.0,3285.0,3457.0,3260.0,3448.0,3511.0,3417.0,115.001397676,0.019923607000000003
1421.0,1986.0,2259.0,1992.0,1998.0,2002.0,1994.0,2001.0,2004.0,2009.0,2005.0,2002.0,2000.0,2003.0,2003.0,2000.0,2006.0,2013.0,2006.0,2004.0,2004.0,2002.0,2009.0,2004.0,2003.0,3161.0,3531.0,3513.0,3379.0,3492.0,3370.0,3192.0,3299.0,3273.0,3352.0,3035.0,3488.0,3478.0,3287.0,3457.0,3260.0,3447.0,3512.0,3417.0,115.021400357,0.019950276000000003
1421.0,1985.0,2259.0,2029.0,2028.0,2038.0,2040.0,2038.0,2037.0,2031.0,2031.0,2028.0,2034.0,2032.0,2022.0,2025.0,2020.0,2019.0,2014.0,2019.0,2020.0,2018.0,2018.0,2020.0,2019.0,3161.0,3530.0,3513.0,3379.0,3493.0,3370.0,3191.0,3298.0,3273.0,3352.0,3035.0,3488.0,3477.0,3287.0,3456.0,3261.0,3448.0,3512.0,3418.0,115.041402139,0.019935572000000002
1421.0,1983.0,2259.0,2030.0,2030.0,2027.0,2022.0,2025.0,2019.0,2012.0,2013.0,2017.0,2018.0,2009.0,2008.0,2009.0,2009.0,2007.0,2001.0,2006.0,2001.0,1997.0,2000.0,2000.0,2001.0,3161.0,3531.0,3512.0,3379.0,3492.0,3369.0,3190.0,3298.0,3273.0,3352.0,3037.0,3488.0,3477.0,3287.0,3457.0,3261.0,3449.0,3513.0,3418.0,115.061397922,0.019923953
1421.0,1984.0,2260.0,1985.0,1989.0,1994.0,1998.0,1997.0,1996.0,2001.0,1998.0,2006.0,2000.0,1995.0,2003.0,2002.0,1993.0,2000.0,1997.0,1994.0,2007.0,2011.0,2015.0,2010.0,2007.0,3159.0,3530.0,3512.0,3378.0,3492.0,3369.0,3191.0,3298.0,3274.0,3352.0,3040.0,3490.0,3478.0,3289.0,3459.0,3263.0,3448.0,3512.0,3417.0,115.08139944,0.019967005000000003
1420.0,1985.0,2260.0,2048.0,2045.0,2043.0,2034.0,2036.0,2045.0,2045.0,2041.0,2038.0,2044.0,2048.0,2053.0,2048.0,2046.0,2053.0,2059.0,2062.0,2066.0,2067.0,2076.0,2077.0,2076.0,3154.0,3529.0,3512.0,3376.0,3491.0,3368.0,3191.0,3297.0,3274.0,3353.0,3046.0,3491.0,3479.0,3292.0,3459.0,3265.0,3448.0,3513.0,3418.0,115.101398764,0.019934637
1421.0,1984.0,2259.0,2048.0,2042.0,2046.0,2047.0,2046.0,2048.0,2035.0,2040.0,2042.0,2035.0,2039.0,2036.0,2030.0,2032.0,2038.0,2034.0,2026.0,2027.0,2020.0,2019.0,2018.0,2019.0,3150.0,3528.0,3510.0,3375.0,3491.0,3367.0,3191.0,3297.0,3275.0,3353.0,3050.0,3493.0,3480.0,3294.0,3460.0,3266.0,3448.0,3512.0,3418.0,115.121400907,0.019938365
1421.0,1984.0,2260.0,2015.0,2022.0,2009.0,2009.0,2016.0,2015.0,2001.0,2002.0,2008.0,2007.0,2015.0,2014.0,2006.0,1998.0,1996.0,1999.0,2003.0,2006.0,2006.0,2004.0,1997.0,1992.0,3148.0,3527.0,3510.0,3373.0,3490.0,3366.0,3192.0,3297.0,3275.0,3353.0,3053.0,3493.0,3481.0,3295.0,3460.0,3266.0,3447.0,3513.0,3418.0,115.141405792,0.019942544
1421.0,1983.0,2260.0,2011.0,2006.0,2009.0,2016.0,2024.0,2027.0,2020.0,2017.0,2020.0,2020.0,2021.0,2018.0,2020.0,2024.0,2021.0,2022.0,2016.0,2020.0,2021.0,2020.0,2024.0,2018.0,3147.0,3528.0,3509.0,3372.0,3489.0,3365.0,3193.0,3296.0,3276.0,3352.0,3055.0,3494.0,3481.0,3296.0,3460.0,3267.0,3447.0,3512.0,3418.0,115.161405672,0.019923807
1421.0,1983.0,2260.0,2014.0,2013.0,2013.0,2020.0,2024.0,2021.0,2020.0,2024.0,2023.0,2035.0,2036.0,2024.0,2023.0,2028.0,2034.0,2040.0,2041.0,2043.0,2038.0,2041.0,2045.0,2046.0,3147.0,3528.0,3510.0,3374.0,3489.0,3366.0,3192.0,3297.0,3275.0,3353.0,3053.0,3493.0,3481.0,3296.0,3460.0,3266.0,3448.0,3512.0,3417.0,115.181401753,0.019924681
1421.0,1986.0,2259.0,2051.0,2054.0,2056.0,2059.0,2065.0,2068.0,2074.0,2082.0,2089.0,2090.0,2094.0,2086.0,2085.0,2082.0,2085.0,2083.0,2085.0,2083.0,2076.0,2070.0,2071.0,2069.0,3150.0,3528.0,3510.0,3374.0,3490.0,3366.0,3192.0,3297.0,3275.0,3352.0,3049.0,3491.0,3480.0,3292.0,3459.0,3264.0,3448.0,3511.0,3417.0,115.201400171,0.019929847
1421.0,1985.0,2259.0,2045.0,2049.0,2055.0,2065.0,2064.0,2062.0,2055.0,2063.0,2077.0,2075.0,2073.0,2058.0,2052.0,2048.0,2055.0,2050.0,2043.0,2043.0,2037.0,2030.0,2030.0,2031.0,3155.0,3529.0,3511.0,3376.0,3491.0,3368.0,3192.0,3298.0,3274.0,3353.0,3041.0,3489.0,3477.0,3288.0,3458.0,3262.0,3448.0,3511.0,3417.0,115.221401699,0.019932745
1421.0,1985.0,2258.0,2091.0,2088.0,2099.0,2097.0,2102.0,2106.0,2104.0,2103.0,2109.0,2107.0,2096.0,2090.0,2093.0,2081.0,2076.0,2072.0,2070.0,2070.0,2068.0,2073.0,2072.0,2067.0,3163.0,3531.0,3513.0,3380.0,3493.0,3371.0,3191.0,3298.0,3273.0,3353.0,3028.0,3486.0,3476.0,3282.0,3456.0,3258.0,3448.0,3512.0,3417.0,115.24140344,0.019936045000000003
1421.0,1985.0,2258.0,2053.0,2045.0,2055.0,2058.0,2048.0,2040.0,2042.0,2036.0,2035.0,2040.0,2045.0,2035.0,2029.0,2023.0,2018.0,2011.0,2010.0,2015.0,2013.0,2014.0,2015.0,2014.0,3170.0,3534.0,3514.0,3384.0,3494.0,3372.0,3192.0,3300.0,3271.0,3352.0,3018.0,3484.0,3472.0,3278.0,3453.0,3254.0,3448.0,3512.0,3417.0,115.261402986,0.019929252
1421.0,1983.0,2260.0,1921.0,1910.0,1909.0,1912.0,1912.0,1913.0,1906.0,1898.0,1902.0,1902.0,1904.0,1900.0,1900.0,1890.0,1906.0,1908.0,1896.0,1894.0,1902.0,1912.0,1905.0,1916.0,3172.0,3534.0,3515.0,3384.0,3494.0,3373.0,3190.0,3300.0,3270.0,3352.0,3020.0,3484.0,3474.0,3279.0,3454.0,3256.0,3447.0,3513.0,3418.0,115.281402042,0.019941418000000002
1422.0,1986.0,2261.0,1949.0,1952.0,1949.0,1951.0,1949.0,1943.0,1949.0,1953.0,1956.0,1960.0,1960.0,1956.0,1961.0,1953.0,1955.0,1957.0,1962.0,1963.0,1963.0,1967.0,1970.0,1969.0,3171.0,3533.0,3514.0,3385.0,3494.0,3372.0,3190.0,3299.0,3271.0,3351.0,3025.0,3485.0,3474.0,3281.0,3455.0,3259.0,3447.0,3512.0,3418.0,115.301400953,0.019935966000000003
