position 3_tdc_data,position 3_tac_data,position 3_pdc_data,position 3_pac_data_0,position 3_pac_data_1,position 3_pac_data_2,position 3_pac_data_3,position 3_pac_data_4,position 3_pac_data_5,position 3_pac_data_6,position 3_pac_data_7,position 3_pac_data_8,position 3_pac_data_9,position 3_pac_data_10,position 3_pac_data_11,position 3_pac_data_12,position 3_pac_data_13,position 3_pac_data_14,position 3_pac_data_15,position 3_pac_data_16,position 3_pac_data_17,position 3_pac_data_18,position 3_pac_data_19,position 3_pac_data_20,position 3_pac_data_21,position 3_elec_data_0,position 3_elec_data_1,position 3_elec_data_2,position 3_elec_data_3,position 3_elec_data_4,position 3_elec_data_5,position 3_elec_data_6,position 3_elec_data_7,position 3_elec_data_8,position 3_elec_data_9,position 3_elec_data_10,position 3_elec_data_11,position 3_elec_data_12,position 3_elec_data_13,position 3_elec_data_14,position 3_elec_data_15,position 3_elec_data_16,position 3_elec_data_17,position 3_elec_data_18,header_from_controller_start,frame_collection_from_header
1405.0,2058.0,2228.0,2072.0,2071.0,2075.0,2077.0,2074.0,2072.0,2068.0,2066.0,2067.0,2066.0,2067.0,2066.0,2067.0,2062.0,2060.0,2061.0,2055.0,2053.0,2058.0,2055.0,2052.0,2058.0,3139.0,3528.0,3507.0,3369.0,3484.0,3362.0,3182.0,3295.0,3268.0,3349.0,2986.0,3477.0,3464.0,3264.0,3444.0,3243.0,3445.0,3504.0,3407.0,79.800971632,0.019935963
1405.0,2053.0,2228.0,2053.0,2052.0,2058.0,2059.0,2059.0,2056.0,2051.0,2055.0,2054.0,2055.0,2061.0,2059.0,2057.0,2055.0,2053.0,2052.0,2054.0,2057.0,2063.0,2067.0,2066.0,2065.0,3140.0,3528.0,3507.0,3369.0,3484.0,3360.0,3181.0,3295.0,3267.0,3349.0,2984.0,3478.0,3465.0,3263.0,3442.0,3243.0,3445.0,3504.0,3407.0,79.820971043,0.019930851000000003
1405.0,2052.0,2228.0,2043.0,2041.0,2036.0,2036.0,2038.0,2042.0,2037.0,2036.0,2038.0,2030.0,2033.0,2038.0,2033.0,2032.0,2032.0,2029.0,2030.0,2032.0,2031.0,2027.0,2021.0,2026.0,3141.0,3528.0,3506.0,3369.0,3483.0,3361.0,3182.0,3296.0,3267.0,3349.0,2984.0,3478.0,3464.0,3262.0,3442.0,3241.0,3446.0,3504.0,3407.0,79.840978613,0.019946153
1405.0,2051.0,2229.0,2031.0,2030.0,2027.0,2025.0,2027.0,2021.0,2018.0,2015.0,2018.0,2019.0,2012.0,2015.0,2007.0,1997.0,1999.0,2001.0,2006.0,2002.0,2000.0,2001.0,2005.0,2002.0,3140.0,3527.0,3506.0,3368.0,3484.0,3361.0,3182.0,3295.0,3268.0,3350.0,2986.0,3477.0,3465.0,3263.0,3443.0,3242.0,3445.0,3504.0,3407.0,79.860969296,0.019945920000000002
1405.0,2048.0,2229.0,2001.0,2002.0,2005.0,2007.0,2004.0,2000.0,2004.0,1998.0,1996.0,2002.0,2003.0,1999.0,2000.0,2005.0,2002.0,2000.0,2003.0,2000.0,1997.0,2001.0,1995.0,1997.0,3138.0,3527.0,3506.0,3367.0,3483.0,3360.0,3182.0,3295.0,3268.0,3349.0,2989.0,3478.0,3466.0,3265.0,3444.0,3243.0,3445.0,3504.0,3407.0,79.880971605,0.019961732000000003
1405.0,2045.0,2229.0,2005.0,2007.0,2006.0,2001.0,2002.0,2005.0,2004.0,2004.0,2007.0,2009.0,2005.0,2007.0,2000.0,1998.0,2001.0,2005.0,2009.0,2004.0,2005.0,2008.0,2001.0,2003.0,3136.0,3526.0,3505.0,3366.0,3483.0,3359.0,3181.0,3295.0,3269.0,3349.0,2993.0,3480.0,3467.0,3267.0,3445.0,3245.0,3446.0,3504.0,3407.0,79.900976989,0.019943301
1405.0,2043.0,2230.0,1996.0,1990.0,1988.0,1986.0,1988.0,1986.0,1990.0,1988.0,1983.0,1973.0,1969.0,1971.0,1964.0,1971.0,1974.0,1971.0,1974.0,1969.0,1968.0,1973.0,1963.0,1965.0,3134.0,3526.0,3504.0,3365.0,3483.0,3358.0,3182.0,3295.0,3269.0,3349.0,2996.0,3481.0,3467.0,3268.0,3445.0,3246.0,3446.0,3506.0,3407.0,79.920972005,0.019919663
1405.0,2041.0,2233.0,1945.0,1946.0,1942.0,1939.0,1944.0,1944.0,1942.0,1943.0,1941.0,1937.0,1937.0,1937.0,1935.0,1930.0,1931.0,1929.0,1926.0,1927.0,1930.0,1926.0,1926.0,1923.0,3133.0,3526.0,3505.0,3365.0,3484.0,3359.0,3182.0,3294.0,3269.0,3350.0,3000.0,3481.0,3468.0,3269.0,3447.0,3247.0,3446.0,3504.0,3407.0,79.940970224,0.019939526000000003
1405.0,2035.0,2234.0,1930.0,1929.0,1931.0,1931.0,1933.0,1940.0,1937.0,1939.0,1944.0,1948.0,1946.0,1946.0,1949.0,1952.0,1956.0,1955.0,1957.0,1960.0,1962.0,1960.0,1961.0,1963.0,3132.0,3526.0,3505.0,3364.0,3482.0,3359.0,3182.0,3295.0,3269.0,3349.0,3004.0,3481.0,3468.0,3271.0,3447.0,3246.0,3446.0,3504.0,3407.0,79.960971164,0.019949375000000002
1405.0,2034.0,2233.0,2031.0,2030.0,2034.0,2035.0,2037.0,2035.0,2038.0,2041.0,2040.0,2045.0,2047.0,2047.0,2045.0,2048.0,2049.0,2051.0,2052.0,2052.0,2052.0,2060.0,2058.0,2057.0,3134.0,3525.0,3505.0,3365.0,3483.0,3358.0,3183.0,3294.0,3270.0,3349.0,3004.0,3481.0,3469.0,3271.0,3446.0,3247.0,3446.0,3504.0,3407.0,79.980973863,0.019960449
1405.0,2033.0,2232.0,2079.0,2079.0,2080.0,2079.0,2079.0,2085.0,2087.0,2082.0,2087.0,2086.0,2087.0,2091.0,2090.0,2091.0,2092.0,2090.0,2092.0,2093.0,2097.0,2095.0,2094.0,2096.0,3133.0,3525.0,3504.0,3364.0,3483.0,3359.0,3183.0,3294.0,3270.0,3350.0,3002.0,3481.0,3467.0,3269.0,3445.0,3245.0,3445.0,3503.0,3406.0,80.000973414,0.019934025
1405.0,2030.0,2232.0,2063.0,2058.0,2058.0,2052.0,2045.0,2042.0,2039.0,2038.0,2032.0,2040.0,2035.0,2027.0,2025.0,2030.0,2027.0,2027.0,2032.0,2030.0,2030.0,2030.0,2023.0,2028.0,3136.0,3526.0,3505.0,3365.0,3484.0,3358.0,3183.0,3294.0,3269.0,3348.0,2998.0,3479.0,3467.0,3267.0,3444.0,3245.0,3445.0,3504.0,3408.0,80.020971499,0.019931757
1406.0,2029.0,2232.0,2019.0,2021.0,2023.0,2020.0,2023.0,2028.0,2025.0,2024.0,2024.0,2028.0,2030.0,2027.0,2026.0,2023.0,2021.0,2017.0,2012.0,2010.0,2015.0,2017.0,2013.0,2011.0,3136.0,3526.0,3506.0,3366.0,3483.0,3359.0,3184.0,3295.0,3269.0,3349.0,2998.0,3481.0,3467.0,3267.0,3446.0,3245.0,3444.0,3503.0,3407.0,80.040971529,0.01996635
1405.0,2026.0,2234.0,1983.0,1986.0,1980.0,1976.0,1975.0,1981.0,1978.0,1979.0,1973.0,1969.0,1972.0,1972.0,1972.0,1976.0,1972.0,1970.0,1972.0,1974.0,1973.0,1976.0,1973.0,1979.0,3137.0,3525.0,3506.0,3366.0,3483.0,3359.0,3183.0,3295.0,3268.0,3349.0,3000.0,3481.0,3468.0,3269.0,3446.0,3245.0,3446.0,3505.0,3408.0,80.060976286,0.019967092000000002
1405.0,2023.0,2233.0,2010.0,2014.0,2017.0,2020.0,2025.0,2022.0,2027.0,2026.0,2030.0,2032.0,2034.0,2040.0,2039.0,2033.0,2036.0,2040.0,2040.0,2041.0,2040.0,2043.0,2039.0,2041.0,3137.0,3525.0,3504.0,3365.0,3483.0,3359.0,3183.0,3295.0,3269.0,3349.0,3001.0,3481.0,3468.0,3268.0,3445.0,3245.0,3446.0,3504.0,3408.0,80.080973953,0.019922762
1405.0,2023.0,2233.0,2056.0,2056.0,2050.0,2052.0,2049.0,2055.0,2055.0,2054.0,2047.0,2052.0,2051.0,2050.0,2050.0,2051.0,2053.0,2044.0,2043.0,2043.0,2041.0,2043.0,2035.0,2036.0,3135.0,3525.0,3505.0,3365.0,3483.0,3359.0,3183.0,3295.0,3269.0,3349.0,3000.0,3480.0,3467.0,3268.0,3444.0,3245.0,3445.0,3505.0,3407.0,80.101025036,0.019991853
1405.0,2021.0,2233.0,2009.0,2010.0,2008.0,2007.0,2009.0,2006.0,2007.0,2009.0,2008.0,2012.0,2008.0,2005.0,2005.0,2013.0,2010.0,2005.0,2007.0,2011.0,2009.0,2009.0,2007.0,2004.0,3136.0,3526.0,3504.0,3364.0,3483.0,3359.0,3184.0,3295.0,3269.0,3349.0,3002.0,3481.0,3467.0,3270.0,3445.0,3247.0,3446.0,3504.0,3407.0,80.120972915,0.019879549
1406.0,2018.0,2234.0,2016.0,2014.0,2016.0,2017.0,2015.0,2017.0,2019.0,2015.0,2019.0,2024.0,2027.0,2024.0,2026.0,2026.0,2020.0,2018.0,2018.0,2016.0,2017.0,2021.0,2019.0,2019.0,3135.0,3525.0,3504.0,3365.0,3483.0,3359.0,3183.0,3295.0,3269.0,3349.0,3003.0,3480.0,3468.0,3269.0,3446.0,3246.0,3445.0,3504.0,3407.0,80.140975338,0.019964477
1405.0,2016.0,2234.0,2015.0,2018.0,2012.0,2014.0,2007.0,2009.0,2011.0,2008.0,2008.0,2006.0,2008.0,2004.0,1999.0,2004.0,2001.0,1997.0,2002.0,1998.0,1994.0,1997.0,1994.0,1994.0,3137.0,3525.0,3505.0,3366.0,3483.0,3358.0,3184.0,3295.0,3269.0,3349.0,3000.0,3480.0,3467.0,3267.0,3444.0,3244.0,3445.0,3504.0,3408.0,80.160974468,0.019942631000000002
1405.0,2010.0,2236.0,1965.0,1968.0,1967.0,1967.0,1968.0,1967.0,1962.0,1963.0,1960.0,1952.0,1954.0,1951.0,1947.0,1941.0,1942.0,1945.0,1939.0,1931.0,1927.0,1930.0,1928.0,1924.0,3137.0,3526.0,3504.0,3365.0,3483.0,3358.0,3183.0,3294.0,3269.0,3349.0,3003.0,3481.0,3467.0,3269.0,3446.0,3245.0,3445.0,3504.0,3408.0,80.180979616,0.019935750000000002
1405.0,2007.0,2238.0,1894.0,1896.0,1896.0,1899.0,1895.0,1897.0,1899.0,1892.0,1894.0,1897.0,1900.0,1901.0,1902.0,1901.0,1901.0,1903.0,1907.0,1908.0,1912.0,1914.0,1911.0,1913.0,3133.0,3525.0,3505.0,3365.0,3482.0,3359.0,3183.0,3294.0,3270.0,3350.0,3012.0,3483.0,3469.0,3275.0,3448.0,3250.0,3446.0,3504.0,3407.0,80.200976384,0.019918538
1405.0,2007.0,2239.0,1935.0,1939.0,1936.0,1939.0,1941.0,1940.0,1940.0,1939.0,1942.0,1945.0,1947.0,1948.0,1954.0,1951.0,1957.0,1956.0,1956.0,1955.0,1961.0,1966.0,1960.0,1957.0,3132.0,3524.0,3504.0,3364.0,3483.0,3358.0,3184.0,3293.0,3271.0,3349.0,3015.0,3483.0,3471.0,3275.0,3448.0,3250.0,3445.0,3505.0,3409.0,80.220974541,0.019929551
1406.0,2002.0,2240.0,1988.0,1990.0,1990.0,1994.0,1991.0,1990.0,1993.0,1991.0,1990.0,1993.0,1991.0,1994.0,1991.0,1992.0,1998.0,1996.0,1991.0,1995.0,1993.0,1997.0,1989.0,1994.0,3133.0,3525.0,3504.0,3364.0,3482.0,3359.0,3184.0,3293.0,3271.0,3349.0,3018.0,3483.0,3470.0,3275.0,3447.0,3249.0,3445.0,3504.0,3408.0,80.240976567,0.019959586
1405.0,1999.0,2241.0,2020.0,2021.0,2016.0,2011.0,2010.0,2011.0,2012.0,2018.0,2020.0,2010.0,2007.0,2002.0,2008.0,2009.0,2009.0,2008.0,2012.0,2009.0,2006.0,2006.0,2001.0,2002.0,3136.0,3524.0,3504.0,3364.0,3483.0,3359.0,3185.0,3293.0,3270.0,3348.0,3015.0,3482.0,3469.0,3273.0,3447.0,3248.0,3446.0,3504.0,3407.0,80.260975985,0.019937465
1405.0,1999.0,2240.0,2014.0,2011.0,2016.0,2010.0,2011.0,2013.0,2012.0,2013.0,2019.0,2014.0,2005.0,2006.0,2011.0,2011.0,2009.0,2007.0,2009.0,2007.0,2010.0,2010.0,2007.0,2011.0,3138.0,3524.0,3504.0,3364.0,3483.0,3359.0,3185.0,3294.0,3270.0,3349.0,3014.0,3482.0,3469.0,3272.0,3446.0,3245.0,3444.0,3504.0,3408.0,80.280979972,0.019942415
1405.0,1999.0,2242.0,1960.0,1947.0,1942.0,1951.0,1932.0,1926.0,1916.0,1913.0,1912.0,1915.0,1924.0,1920.0,1918.0,1919.0,1932.0,1930.0,1937.0,1947.0,1963.0,1974.0,1965.0,1973.0,3140.0,3525.0,3505.0,3366.0,3483.0,3359.0,3185.0,3293.0,3270.0,3349.0,3014.0,3482.0,3469.0,3273.0,3448.0,3247.0,3444.0,3504.0,3408.0,80.300978712,0.019923392
1406.0,1995.0,2244.0,2016.0,2013.0,2031.0,1999.0,1996.0,2004.0,2002.0,1997.0,1974.0,1953.0,1927.0,1908.0,1903.0,1917.0,1929.0,1925.0,1910.0,1904.0,1912.0,1928.0,1942.0,1954.0,3142.0,3525.0,3505.0,3368.0,3483.0,3359.0,3184.0,3294.0,3269.0,3349.0,3013.0,3482.0,3468.0,3273.0,3446.0,3247.0,3444.0,3504.0,3408.0,80.320975987,0.019928511000000003
1406.0,1993.0,2243.0,2027.0,2042.0,2046.0,2037.0,2033.0,2032.0,2009.0,2000.0,2001.0,1991.0,1978.0,1980.0,1981.0,1971.0,1969.0,1971.0,1972.0,1977.0,1983.0,1994.0,1998.0,2006.0,3142.0,3525.0,3505.0,3368.0,3485.0,3360.0,3184.0,3293.0,3269.0,3349.0,3011.0,3481.0,3468.0,3271.0,3446.0,3247.0,3444.0,3505.0,3408.0,80.340976688,0.019960495
1406.0,1993.0,2240.0,2086.0,2084.0,2087.0,2086.0,2083.0,2078.0,2082.0,2089.0,2089.0,2078.0,2081.0,2080.0,2075.0,2084.0,2088.0,2082.0,2079.0,2071.0,2075.0,2077.0,2082.0,2076.0,3143.0,3526.0,3507.0,3366.0,3483.0,3360.0,3185.0,3294.0,3269.0,3349.0,3008.0,3481.0,3467.0,3269.0,3445.0,3245.0,3445.0,3505.0,3408.0,80.360977114,0.019938231
1405.0,1990.0,2240.0,2101.0,2100.0,2094.0,2096.0,2095.0,2086.0,2085.0,2096.0,2098.0,2084.0,2094.0,2091.0,2089.0,2088.0,2091.0,2090.0,2084.0,2084.0,2083.0,2083.0,2080.0,2078.0,3143.0,3526.0,3506.0,3368.0,3484.0,3361.0,3185.0,3295.0,3268.0,3349.0,3006.0,3480.0,3467.0,3268.0,3445.0,3244.0,3445.0,3504.0,3407.0,80.38097966,0.019935237
1405.0,1986.0,2239.0,2060.0,2061.0,2059.0,2060.0,2066.0,2064.0,2056.0,2055.0,2061.0,2062.0,2061.0,2062.0,2061.0,2066.0,2061.0,2060.0,2058.0,2064.0,2065.0,2061.0,2057.0,2057.0,3143.0,3526.0,3505.0,3367.0,3484.0,3359.0,3184.0,3294.0,3269.0,3349.0,3006.0,3480.0,3467.0,3267.0,3445.0,3244.0,3444.0,3504.0,3407.0,80.400979853,0.019930884000000003
1405.0,1984.0,2239.0,2045.0,2048.0,2043.0,2042.0,2049.0,2042.0,2042.0,2046.0,2040.0,2045.0,2043.0,2046.0,2042.0,2040.0,2039.0,2039.0,2035.0,2034.0,2027.0,2031.0,2028.0,2033.0,3140.0,3524.0,3504.0,3365.0,3483.0,3358.0,3185.0,3295.0,3270.0,3349.0,3009.0,3481.0,3468.0,3269.0,3446.0,3244.0,3445.0,3505.0,3407.0,80.420976594,0.019927369
1405.0,1985.0,2240.0,2004.0,2004.0,2009.0,2006.0,2004.0,2012.0,2008.0,1997.0,2000.0,1997.0,1993.0,1995.0,2001.0,1994.0,1989.0,1986.0,1988.0,1981.0,1982.0,1987.0,1979.0,1975.0,3139.0,3525.0,3504.0,3365.0,3483.0,3357.0,3185.0,3294.0,3269.0,3349.0,3011.0,3481.0,3466.0,3269.0,3445.0,3244.0,3444.0,3504.0,3407.0,80.44097647,0.019958597
1405.0,1981.0,2243.0,1931.0,1928.0,1928.0,1928.0,1926.0,1923.0,1920.0,1918.0,1915.0,1918.0,1917.0,1921.0,1915.0,1914.0,1910.0,1909.0,1912.0,1915.0,1914.0,1912.0,1907.0,1906.0,3141.0,3524.0,3503.0,3365.0,3483.0,3358.0,3185.0,3293.0,3269.0,3349.0,3013.0,3482.0,3468.0,3270.0,3446.0,3244.0,3444.0,3504.0,3407.0,80.460979109,0.01994707
1406.0,1979.0,2244.0,1899.0,1904.0,1904.0,1901.0,1901.0,1905.0,1901.0,1899.0,1905.0,1906.0,1910.0,1910.0,1906.0,1914.0,1914.0,1918.0,1914.0,1912.0,1912.0,1917.0,1911.0,1914.0,3141.0,3525.0,3505.0,3366.0,3482.0,3358.0,3186.0,3293.0,3269.0,3349.0,3017.0,3481.0,3467.0,3270.0,3446.0,3246.0,3445.0,3504.0,3408.0,80.480978979,0.019934327
1405.0,1975.0,2247.0,1907.0,1907.0,1905.0,1903.0,1908.0,1908.0,1901.0,1897.0,1900.0,1901.0,1897.0,1901.0,1907.0,1902.0,1901.0,1901.0,1898.0,1899.0,1897.0,1901.0,1901.0,1907.0,3141.0,3524.0,3504.0,3365.0,3483.0,3358.0,3186.0,3293.0,3271.0,3350.0,3024.0,3484.0,3470.0,3275.0,3447.0,3247.0,3445.0,3505.0,3408.0,80.500979758,0.01993595
1406.0,1976.0,2250.0,1907.0,1902.0,1898.0,1896.0,1892.0,1894.0,1896.0,1890.0,1887.0,1888.0,1881.0,1881.0,1884.0,1878.0,1882.0,1880.0,1878.0,1882.0,1879.0,1883.0,1882.0,1882.0,3138.0,3523.0,3503.0,3364.0,3483.0,3356.0,3186.0,3292.0,3271.0,3349.0,3030.0,3484.0,3471.0,3277.0,3449.0,3249.0,3444.0,3506.0,3408.0,80.520982922,0.019936042
1406.0,1974.0,2252.0,1877.0,1881.0,1884.0,1887.0,1890.0,1895.0,1895.0,1901.0,1906.0,1907.0,1904.0,1908.0,1911.0,1919.0,1923.0,1925.0,1929.0,1927.0,1933.0,1939.0,1937.0,1936.0,3141.0,3524.0,3503.0,3365.0,3483.0,3357.0,3187.0,3293.0,3270.0,3348.0,3030.0,3484.0,3470.0,3276.0,3448.0,3249.0,3444.0,3506.0,3409.0,80.540981689,0.019925578000000003
1405.0,1973.0,2252.0,1973.0,1980.0,1982.0,1983.0,1985.0,1986.0,1985.0,1978.0,1983.0,1984.0,1983.0,1977.0,1976.0,1979.0,1974.0,1968.0,1963.0,1958.0,1956.0,1953.0,1944.0,1942.0,3144.0,3524.0,3505.0,3366.0,3483.0,3359.0,3187.0,3293.0,3270.0,3348.0,3029.0,3483.0,3469.0,3275.0,3448.0,3247.0,3443.0,3505.0,3407.0,80.560981858,0.019939677000000003
1406.0,1971.0,2256.0,1860.0,1851.0,1852.0,1847.0,1843.0,1842.0,1841.0,1838.0,1838.0,1835.0,1833.0,1828.0,1827.0,1826.0,1819.0,1823.0,1827.0,1832.0,1836.0,1842.0,1842.0,1844.0,3148.0,3525.0,3506.0,3368.0,3484.0,3359.0,3187.0,3293.0,3269.0,3348.0,3029.0,3481.0,3469.0,3273.0,3446.0,3245.0,3443.0,3504.0,3408.0,80.580980096,0.019930297
1406.0,1969.0,2258.0,1862.0,1864.0,1867.0,1866.0,1873.0,1875.0,1874.0,1879.0,1883.0,1882.0,1883.0,1883.0,1890.0,1895.0,1893.0,1897.0,1903.0,1908.0,1908.0,1917.0,1921.0,1923.0,3157.0,3527.0,3506.0,3372.0,3485.0,3361.0,3187.0,3294.0,3268.0,3347.0,3024.0,3478.0,3467.0,3270.0,3445.0,3243.0,3442.0,3503.0,3407.0,80.600980894,0.019936777000000003
1406.0,1968.0,2257.0,2009.0,2009.0,2012.0,2014.0,2021.0,2026.0,2025.0,2029.0,2030.0,2033.0,2036.0,2042.0,2044.0,2046.0,2047.0,2046.0,2050.0,2054.0,2055.0,2060.0,2060.0,2064.0,3164.0,3527.0,3507.0,3374.0,3486.0,3363.0,3187.0,3294.0,3267.0,3348.0,3014.0,3477.0,3465.0,3266.0,3444.0,3241.0,3443.0,3504.0,3407.0,80.620981044,0.019936281
1406.0,1966.0,2257.0,2086.0,2083.0,2083.0,2085.0,2085.0,2085.0,2081.0,2079.0,2077.0,2080.0,2073.0,2070.0,2070.0,2067.0,2068.0,2066.0,2064.0,2061.0,2058.0,2057.0,2054.0,2051.0,3163.0,3527.0,3508.0,3375.0,3486.0,3364.0,3187.0,3294.0,3267.0,3348.0,3014.0,3479.0,3466.0,3267.0,3444.0,3242.0,3443.0,3506.0,3408.0,80.640980828,0.019937105
1406.0,1962.0,2258.0,2012.0,2009.0,2008.0,2002.0,1997.0,1997.0,1994.0,1993.0,1991.0,1992.0,1995.0,1993.0,1994.0,1995.0,1996.0,1996.0,1994.0,1995.0,1996.0,1998.0,2003.0,2009.0,3155.0,3526.0,3507.0,3371.0,3484.0,3361.0,3187.0,3294.0,3269.0,3349.0,3028.0,3482.0,3469.0,3274.0,3448.0,3247.0,3444.0,3505.0,3409.0,80.660983211,0.019947143
1405.0,1963.0,2257.0,2030.0,2034.0,2036.0,2038.0,2041.0,2039.0,2043.0,2045.0,2050.0,2049.0,2049.0,2053.0,2052.0,2051.0,2051.0,2055.0,2059.0,2060.0,2063.0,2065.0,2066.0,2071.0,3149.0,3525.0,3506.0,3369.0,3484.0,3360.0,3187.0,3294.0,3269.0,3347.0,3032.0,3483.0,3470.0,3277.0,3449.0,3250.0,3443.0,3505.0,3409.0,80.68098178,0.019923366
1407.0,1958.0,2254.0,2118.0,2125.0,2124.0,2119.0,2118.0,2121.0,2119.0,2122.0,2120.0,2120.0,2127.0,2128.0,2126.0,2128.0,2132.0,2131.0,2128.0,2127.0,2131.0,2133.0,2133.0,2135.0,3149.0,3524.0,3506.0,3368.0,3483.0,3359.0,3188.0,3292.0,3270.0,3349.0,3030.0,3483.0,3469.0,3274.0,3447.0,3246.0,3443.0,3505.0,3407.0,80.70098368,0.019955034
1406.0,1960.0,2251.0,2175.0,2175.0,2177.0,2178.0,2174.0,2177.0,2177.0,2179.0,2183.0,2182.0,2185.0,2187.0,2183.0,2188.0,2183.0,2182.0,2183.0,2178.0,2174.0,2178.0,2174.0,2171.0,3150.0,3526.0,3506.0,3369.0,3483.0,3359.0,3187.0,3294.0,3269.0,3348.0,3025.0,3481.0,3468.0,3271.0,3446.0,3245.0,3443.0,3504.0,3408.0,80.720983753,0.019929265
1405.0,1957.0,2251.0,2119.0,2117.0,2113.0,2113.0,2101.0,2106.0,2107.0,2102.0,2098.0,2091.0,2088.0,2092.0,2087.0,2082.0,2079.0,2078.0,2078.0,2074.0,2074.0,2079.0,2074.0,2072.0,3148.0,3524.0,3504.0,3366.0,3485.0,3358.0,3187.0,3294.0,3270.0,3348.0,3027.0,3481.0,3469.0,3273.0,3446.0,3245.0,3443.0,3505.0,3407.0,80.740983999,0.019933658
1407.0,1957.0,2251.0,2021.0,2019.0,2016.0,2014.0,2010.0,2015.0,2006.0,2005.0,1999.0,1994.0,1994.0,1990.0,1994.0,1999.0,2001.0,1995.0,1994.0,1990.0,1995.0,2002.0,1996.0,1997.0,3146.0,3524.0,3505.0,3366.0,3483.0,3357.0,3187.0,3293.0,3270.0,3349.0,3029.0,3481.0,3468.0,3274.0,3447.0,3246.0,3444.0,3504.0,3408.0,80.760984394,0.019937836
1406.0,1955.0,2252.0,1994.0,1991.0,1992.0,1985.0,1988.0,1983.0,1984.0,1984.0,1989.0,1983.0,1984.0,1983.0,1979.0,1983.0,1988.0,1985.0,1979.0,1982.0,1984.0,1981.0,1984.0,1983.0,3147.0,3525.0,3505.0,3366.0,3483.0,3359.0,3187.0,3294.0,3270.0,3348.0,3027.0,3482.0,3469.0,3273.0,3446.0,3245.0,3443.0,3504.0,3407.0,80.780982868,0.019930121000000002
1406.0,1955.0,2253.0,1980.0,1975.0,1978.0,1983.0,1983.0,1985.0,1984.0,1982.0,1982.0,1982.0,1986.0,1982.0,1978.0,1976.0,1980.0,1978.0,1968.0,1971.0,1969.0,1973.0,1970.0,1968.0,3147.0,3525.0,3505.0,3368.0,3484.0,3358.0,3187.0,3294.0,3269.0,3348.0,3028.0,3482.0,3469.0,3274.0,3447.0,3246.0,3444.0,3505.0,3408.0,80.802075204,0.021043607000000002
1406.0,1952.0,2255.0,1933.0,1935.0,1931.0,1933.0,1932.0,1929.0,1930.0,1933.0,1930.0,1929.0,1930.0,1929.0,1934.0,1930.0,1931.0,1933.0,1927.0,1929.0,1932.0,1935.0,1933.0,1935.0,3146.0,3525.0,3505.0,3367.0,3484.0,3359.0,3186.0,3293.0,3270.0,3348.0,3033.0,3483.0,3470.0,3277.0,3448.0,3248.0,3444.0,3506.0,3408.0,80.820985339,0.017702648
1406.0,1952.0,2256.0,1968.0,1972.0,1974.0,1974.0,1974.0,1977.0,1978.0,1979.0,1978.0,1982.0,1977.0,1980.0,1979.0,1980.0,1980.0,1982.0,1982.0,1984.0,1987.0,1988.0,1985.0,1987.0,3147.0,3525.0,3505.0,3368.0,3484.0,3360.0,3187.0,3293.0,3269.0,3349.0,3031.0,3483.0,3471.0,3277.0,3449.0,3249.0,3443.0,3505.0,3409.0,80.841061289,0.020006397000000002
1406.0,1951.0,2256.0,2014.0,2015.0,2015.0,2015.0,2017.0,2020.0,2020.0,2021.0,2023.0,2024.0,2023.0,2020.0,2021.0,2020.0,2020.0,2016.0,2015.0,2015.0,2015.0,2017.0,2015.0,2012.0,3150.0,3525.0,3506.0,3369.0,3483.0,3360.0,3186.0,3293.0,3269.0,3348.0,3028.0,3482.0,3469.0,3275.0,3448.0,3247.0,3443.0,3504.0,3408.0,80.860983354,0.019888899
1407.0,1950.0,2256.0,2025.0,2020.0,2019.0,2017.0,2021.0,2020.0,2015.0,2020.0,2018.0,2020.0,2017.0,2016.0,2020.0,2016.0,2013.0,2015.0,2012.0,2011.0,2008.0,2006.0,2001.0,2003.0,3154.0,3525.0,3506.0,3371.0,3485.0,3362.0,3187.0,3294.0,3268.0,3348.0,3023.0,3481.0,3467.0,3272.0,3445.0,3246.0,3443.0,3505.0,3408.0,80.880983185,0.019939907
1406.0,1948.0,2258.0,1974.0,1974.0,1977.0,1971.0,1971.0,1971.0,1972.0,1972.0,1971.0,1969.0,1968.0,1966.0,1966.0,1964.0,1961.0,1964.0,1963.0,1961.0,1961.0,1966.0,1963.0,1969.0,3156.0,3526.0,3507.0,3371.0,3486.0,3361.0,3186.0,3295.0,3268.0,3348.0,3023.0,3480.0,3466.0,3272.0,3446.0,3246.0,3443.0,3505.0,3408.0,80.900985242,0.019959775000000003
1407.0,1949.0,2259.0,1938.0,1937.0,1935.0,1931.0,1932.0,1932.0,1930.0,1929.0,1928.0,1927.0,1927.0,1928.0,1925.0,1922.0,1919.0,1920.0,1918.0,1916.0,1916.0,1916.0,1913.0,1916.0,3158.0,3526.0,3506.0,3373.0,3486.0,3362.0,3186.0,3294.0,3268.0,3347.0,3025.0,3481.0,3469.0,3273.0,3447.0,3246.0,3444.0,3506.0,3408.0,80.920986209,0.01993508
1406.0,1948.0,2261.0,1902.0,1901.0,1899.0,1899.0,1905.0,1901.0,1904.0,1902.0,1906.0,1906.0,1905.0,1906.0,1909.0,1908.0,1905.0,1909.0,1909.0,1910.0,1912.0,1920.0,1915.0,1919.0,3154.0,3526.0,3506.0,3372.0,3486.0,3362.0,3187.0,3293.0,3269.0,3347.0,3032.0,3483.0,3471.0,3277.0,3448.0,3250.0,3443.0,3506.0,3410.0,80.940989591,0.019928164
1407.0,1947.0,2261.0,1973.0,1976.0,1976.0,1978.0,1984.0,1984.0,1987.0,1993.0,1997.0,1999.0,2001.0,1999.0,2007.0,2009.0,2011.0,2011.0,2016.0,2015.0,2022.0,2028.0,2028.0,2032.0,3155.0,3526.0,3507.0,3372.0,3485.0,3362.0,3186.0,3293.0,3268.0,3347.0,3031.0,3482.0,3469.0,3276.0,3448.0,3248.0,3442.0,3506.0,3409.0,80.960989974,0.019928981000000002
1407.0,1945.0,2260.0,2099.0,2103.0,2100.0,2104.0,2108.0,2111.0,2111.0,2112.0,2113.0,2109.0,2110.0,2115.0,2117.0,2117.0,2120.0,2123.0,2127.0,2125.0,2126.0,2127.0,2126.0,2125.0,3158.0,3527.0,3507.0,3373.0,3487.0,3363.0,3187.0,3295.0,3268.0,3348.0,3027.0,3481.0,3467.0,3273.0,3447.0,3246.0,3443.0,3505.0,3409.0,80.980983426,0.019916064
1406.0,1945.0,2258.0,2114.0,2113.0,2111.0,2112.0,2117.0,2113.0,2113.0,2112.0,2115.0,2121.0,2123.0,2123.0,2122.0,2121.0,2121.0,2124.0,2123.0,2125.0,2126.0,2129.0,2122.0,2122.0,3157.0,3526.0,3507.0,3372.0,3485.0,3361.0,3188.0,3294.0,3268.0,3347.0,3028.0,3480.0,3469.0,3271.0,3447.0,3244.0,3443.0,3505.0,3408.0,81.000987372,0.019962226
1406.0,1942.0,2255.0,2151.0,2150.0,2148.0,2150.0,2148.0,2148.0,2145.0,2141.0,2146.0,2148.0,2146.0,2149.0,2146.0,2143.0,2146.0,2139.0,2144.0,2144.0,2149.0,2153.0,2147.0,2150.0,3155.0,3525.0,3506.0,3370.0,3484.0,3360.0,3188.0,3293.0,3270.0,3348.0,3026.0,3480.0,3468.0,3271.0,3446.0,3244.0,3443.0,3505.0,3408.0,81.020987355,0.019927466
1407.0,1942.0,2252.0,2161.0,2157.0,2153.0,2155.0,2161.0,2157.0,2157.0,2160.0,2160.0,2157.0,2156.0,2151.0,2150.0,2154.0,2154.0,2160.0,2158.0,2162.0,2158.0,2163.0,2155.0,2147.0,3154.0,3526.0,3506.0,3369.0,3483.0,3359.0,3188.0,3294.0,3268.0,3348.0,3024.0,3480.0,3468.0,3269.0,3445.0,3242.0,3443.0,3505.0,3408.0,81.040985525,0.019926876
1406.0,1945.0,2252.0,2131.0,2132.0,2127.0,2125.0,2124.0,2122.0,2114.0,2123.0,2125.0,2121.0,2115.0,2114.0,2114.0,2115.0,2108.0,2105.0,2099.0,2095.0,2094.0,2097.0,2091.0,2098.0,3153.0,3526.0,3505.0,3368.0,3484.0,3359.0,3187.0,3294.0,3268.0,3347.0,3022.0,3478.0,3467.0,3268.0,3446.0,3242.0,3443.0,3504.0,3407.0,81.060991078,0.019948772
1407.0,1942.0,2251.0,2058.0,2053.0,2056.0,2064.0,2059.0,2055.0,2053.0,2046.0,2046.0,2049.0,2043.0,2040.0,2034.0,2031.0,2026.0,2024.0,2025.0,2032.0,2029.0,2028.0,2026.0,2026.0,3153.0,3526.0,3506.0,3369.0,3484.0,3359.0,3188.0,3293.0,3268.0,3348.0,3019.0,3479.0,3466.0,3268.0,3445.0,3242.0,3443.0,3504.0,3407.0,81.080985634,0.019919526
1407.0,1943.0,2252.0,2005.0,2007.0,2005.0,2003.0,2001.0,2000.0,1999.0,1998.0,1997.0,1994.0,1994.0,1998.0,1992.0,1994.0,1993.0,1988.0,1988.0,1986.0,1984.0,1989.0,1983.0,1981.0,3154.0,3525.0,3506.0,3369.0,3485.0,3360.0,3187.0,3294.0,3268.0,3347.0,3020.0,3479.0,3466.0,3268.0,3445.0,3243.0,3442.0,3504.0,3407.0,81.100988745,0.019960827
1407.0,1941.0,2254.0,1930.0,1929.0,1928.0,1927.0,1926.0,1927.0,1925.0,1927.0,1929.0,1929.0,1924.0,1926.0,1931.0,1929.0,1931.0,1932.0,1930.0,1933.0,1936.0,1938.0,1935.0,1939.0,3153.0,3528.0,3508.0,3371.0,3487.0,3362.0,3190.0,3295.0,3272.0,3350.0,3031.0,3484.0,3471.0,3276.0,3450.0,3248.0,3444.0,3507.0,3410.0,81.120986923,0.019930209
1406.0,1943.0,2255.0,1942.0,1940.0,1939.0,1939.0,1942.0,1944.0,1940.0,1942.0,1950.0,1946.0,1952.0,1951.0,1951.0,1950.0,1949.0,1949.0,1954.0,1955.0,1956.0,1962.0,1960.0,1960.0,3143.0,3522.0,3502.0,3364.0,3481.0,3355.0,3187.0,3290.0,3269.0,3347.0,3035.0,3482.0,3469.0,3276.0,3447.0,3247.0,3442.0,3504.0,3407.0,81.140985103,0.019930732
1407.0,1943.0,2255.0,2018.0,2019.0,2020.0,2023.0,2023.0,2027.0,2027.0,2026.0,2027.0,2026.0,2026.0,2027.0,2023.0,2023.0,2022.0,2025.0,2023.0,2025.0,2027.0,2027.0,2025.0,2024.0,3145.0,3523.0,3503.0,3365.0,3482.0,3357.0,3187.0,3292.0,3271.0,3347.0,3036.0,3483.0,3470.0,3276.0,3447.0,3247.0,3442.0,3505.0,3408.0,81.16098732,0.01996442
1406.0,1942.0,2255.0,2020.0,2020.0,2022.0,2021.0,2021.0,2022.0,2020.0,2019.0,2021.0,2028.0,2025.0,2025.0,2029.0,2028.0,2028.0,2031.0,2027.0,2029.0,2031.0,2030.0,2031.0,2028.0,3147.0,3523.0,3503.0,3366.0,3483.0,3357.0,3188.0,3293.0,3270.0,3347.0,3035.0,3483.0,3469.0,3275.0,3448.0,3247.0,3442.0,3504.0,3407.0,81.180986444,0.019933485
1407.0,1940.0,2255.0,2018.0,2019.0,2019.0,2014.0,2017.0,2019.0,2022.0,2017.0,2021.0,2024.0,2020.0,2025.0,2022.0,2023.0,2024.0,2025.0,2030.0,2031.0,2036.0,2039.0,2035.0,2036.0,3147.0,3523.0,3504.0,3366.0,3483.0,3357.0,3188.0,3294.0,3270.0,3348.0,3038.0,3484.0,3469.0,3275.0,3447.0,3247.0,3442.0,3504.0,3408.0,81.20098989,0.019957828
1407.0,1938.0,2254.0,2069.0,2068.0,2067.0,2069.0,2074.0,2074.0,2073.0,2072.0,2074.0,2073.0,2074.0,2078.0,2082.0,2084.0,2086.0,2084.0,2085.0,2088.0,2085.0,2086.0,2085.0,2086.0,3147.0,3524.0,3504.0,3366.0,3483.0,3358.0,3188.0,3293.0,3271.0,3349.0,3035.0,3483.0,3469.0,3275.0,3448.0,3247.0,3443.0,3504.0,3407.0,81.220988347,0.019929803000000003
1407.0,1937.0,2253.0,2086.0,2086.0,2088.0,2082.0,2082.0,2080.0,2076.0,2081.0,2079.0,2078.0,2076.0,2073.0,2075.0,2074.0,2075.0,2075.0,2072.0,2073.0,2077.0,2080.0,2070.0,2071.0,3146.0,3523.0,3503.0,3365.0,3483.0,3357.0,3188.0,3292.0,3271.0,3347.0,3033.0,3483.0,3470.0,3275.0,3447.0,3246.0,3443.0,3505.0,3407.0,81.240991134,0.019938018000000002
1407.0,1938.0,2253.0,2068.0,2065.0,2066.0,2067.0,2071.0,2069.0,2068.0,2072.0,2073.0,2070.0,2072.0,2071.0,2068.0,2071.0,2072.0,2076.0,2076.0,2073.0,2069.0,2071.0,2068.0,2066.0,3145.0,3523.0,3504.0,3365.0,3483.0,3356.0,3188.0,3293.0,3270.0,3348.0,3035.0,3483.0,3470.0,3275.0,3446.0,3246.0,3443.0,3504.0,3407.0,81.260993439,0.019927035000000003
1408.0,1937.0,2252.0,2034.0,2030.0,2034.0,2034.0,2030.0,2027.0,2025.0,2021.0,2022.0,2021.0,2020.0,2020.0,2017.0,2013.0,2015.0,2017.0,2010.0,2008.0,2011.0,2013.0,2010.0,2010.0,3146.0,3524.0,3504.0,3365.0,3483.0,3357.0,3189.0,3293.0,3270.0,3348.0,3034.0,3483.0,3469.0,3274.0,3447.0,3245.0,3442.0,3505.0,3407.0,81.280988303,0.019917321
1407.0,1936.0,2252.0,2015.0,2021.0,2027.0,2020.0,2022.0,2024.0,2023.0,2030.0,2035.0,2036.0,2034.0,2037.0,2043.0,2046.0,2051.0,2051.0,2052.0,2057.0,2059.0,2065.0,2065.0,2064.0,3145.0,3523.0,3503.0,3365.0,3483.0,3355.0,3189.0,3293.0,3271.0,3348.0,3037.0,3483.0,3469.0,3274.0,3447.0,3245.0,3443.0,3503.0,3408.0,81.300990795,0.019939136
1407.0,1936.0,2251.0,2089.0,2098.0,2102.0,2093.0,2090.0,2089.0,2093.0,2097.0,2102.0,2108.0,2101.0,2094.0,2096.0,2090.0,2095.0,2102.0,2095.0,2091.0,2095.0,2098.0,2091.0,2090.0,3144.0,3523.0,3504.0,3364.0,3483.0,3357.0,3190.0,3294.0,3271.0,3347.0,3036.0,3483.0,3470.0,3274.0,3447.0,3245.0,3443.0,3504.0,3407.0,81.320989826,0.019932314
1407.0,1933.0,2249.0,2112.0,2115.0,2117.0,2114.0,2112.0,2112.0,2114.0,2115.0,2123.0,2127.0,2121.0,2114.0,2114.0,2114.0,2119.0,2125.0,2124.0,2129.0,2134.0,2134.0,2123.0,2120.0,3143.0,3522.0,3502.0,3364.0,3482.0,3356.0,3189.0,3294.0,3270.0,3348.0,3033.0,3483.0,3469.0,3274.0,3446.0,3245.0,3443.0,3504.0,3406.0,81.340988178,0.019931751
1407.0,1934.0,2246.0,2145.0,2144.0,2151.0,2153.0,2152.0,2147.0,2148.0,2153.0,2153.0,2155.0,2162.0,2153.0,2152.0,2155.0,2160.0,2171.0,2171.0,2160.0,2158.0,2163.0,2164.0,2171.0,3141.0,3523.0,3503.0,3363.0,3481.0,3355.0,3189.0,3293.0,3270.0,3348.0,3030.0,3483.0,3469.0,3274.0,3446.0,3245.0,3443.0,3505.0,3408.0,81.360991572,0.019971462000000002
1407.0,1934.0,2243.0,2169.0,2174.0,2170.0,2176.0,2174.0,2169.0,2164.0,2167.0,2173.0,2171.0,2164.0,2180.0,2177.0,2171.0,2178.0,2175.0,2178.0,2174.0,2179.0,2171.0,2163.0,2164.0,3141.0,3523.0,3503.0,3363.0,3482.0,3355.0,3188.0,3294.0,3271.0,3349.0,3025.0,3481.0,3468.0,3271.0,3446.0,3244.0,3443.0,3504.0,3407.0,81.380991918,0.019937879000000002
1407.0,1933.0,2242.0,2140.0,2139.0,2131.0,2123.0,2124.0,2122.0,2129.0,2125.0,2115.0,2115.0,2120.0,2117.0,2120.0,2121.0,2112.0,2112.0,2107.0,2105.0,2103.0,2107.0,2099.0,2097.0,3139.0,3524.0,3504.0,3364.0,3483.0,3356.0,3187.0,3293.0,3270.0,3348.0,3023.0,3481.0,3468.0,3271.0,3446.0,3244.0,3444.0,3503.0,3408.0,81.400990355,0.019920255
1407.0,1935.0,2242.0,2047.0,2050.0,2053.0,2050.0,2046.0,2046.0,2047.0,2053.0,2050.0,2045.0,2037.0,2043.0,2049.0,2048.0,2046.0,2048.0,2046.0,2051.0,2049.0,2048.0,2042.0,2044.0,3137.0,3523.0,3503.0,3361.0,3481.0,3355.0,3187.0,3293.0,3271.0,3348.0,3026.0,3483.0,3469.0,3272.0,3446.0,3245.0,3443.0,3504.0,3407.0,81.420995597,0.01994138
1407.0,1933.0,2241.0,2070.0,2070.0,2075.0,2080.0,2078.0,2074.0,2073.0,2072.0,2077.0,2073.0,2077.0,2078.0,2078.0,2079.0,2083.0,2081.0,2084.0,2083.0,2087.0,2097.0,2095.0,2095.0,3134.0,3522.0,3502.0,3362.0,3481.0,3354.0,3187.0,3293.0,3271.0,3348.0,3025.0,3483.0,3470.0,3274.0,3447.0,3246.0,3443.0,3504.0,3407.0,81.440989195,0.019916621000000002
1407.0,1933.0,2240.0,2102.0,2102.0,2101.0,2105.0,2104.0,2105.0,2102.0,2099.0,2095.0,2094.0,2097.0,2095.0,2093.0,2092.0,2089.0,2081.0,2079.0,2081.0,2080.0,2080.0,2080.0,2083.0,3134.0,3522.0,3503.0,3361.0,3481.0,3355.0,3187.0,3293.0,3270.0,3348.0,3025.0,3482.0,3469.0,3274.0,3447.0,3247.0,3444.0,3503.0,3408.0,81.460990578,0.019965599
1407.0,1935.0,2238.0,2078.0,2082.0,2078.0,2076.0,2075.0,2076.0,2074.0,2075.0,2083.0,2079.0,2077.0,2078.0,2081.0,2075.0,2079.0,2082.0,2081.0,2084.0,2086.0,2091.0,2089.0,2084.0,3131.0,3523.0,3501.0,3359.0,3481.0,3354.0,3187.0,3294.0,3271.0,3349.0,3026.0,3483.0,3470.0,3274.0,3448.0,3247.0,3444.0,3504.0,3407.0,81.480989188,0.019936118000000003
1407.0,1935.0,2236.0,2123.0,2129.0,2134.0,2138.0,2139.0,2139.0,2137.0,2135.0,2128.0,2133.0,2136.0,2137.0,2138.0,2131.0,2133.0,2134.0,2134.0,2137.0,2139.0,2139.0,2136.0,2139.0,3131.0,3523.0,3503.0,3361.0,3481.0,3355.0,3186.0,3294.0,3270.0,3350.0,3019.0,3482.0,3469.0,3270.0,3446.0,3245.0,3444.0,3504.0,3407.0,81.500996361,0.019934555
1407.0,1936.0,2236.0,2084.0,2080.0,2075.0,2077.0,2074.0,2066.0,2058.0,2054.0,2052.0,2045.0,2044.0,2037.0,2035.0,2034.0,2031.0,2021.0,2021.0,2018.0,2014.0,2015.0,2012.0,2012.0,3136.0,3524.0,3503.0,3362.0,3482.0,3357.0,3187.0,3294.0,3270.0,3349.0,3013.0,3481.0,3467.0,3270.0,3445.0,3244.0,3444.0,3504.0,3407.0,81.520993382,0.019919675
1408.0,1933.0,2237.0,1971.0,1973.0,1971.0,1972.0,1975.0,1974.0,1976.0,1973.0,1973.0,1971.0,1972.0,1968.0,1971.0,1974.0,1970.0,1971.0,1971.0,1972.0,1976.0,1980.0,1978.0,1983.0,3134.0,3523.0,3503.0,3362.0,3481.0,3355.0,3186.0,3293.0,3270.0,3349.0,3018.0,3482.0,3468.0,3272.0,3446.0,3246.0,3445.0,3505.0,3407.0,81.540990795,0.019927589000000002
1408.0,1934.0,2238.0,2005.0,2008.0,2006.0,2013.0,2015.0,2015.0,2021.0,2023.0,2018.0,2023.0,2028.0,2030.0,2032.0,2038.0,2034.0,2040.0,2041.0,2045.0,2043.0,2045.0,2048.0,2049.0,3131.0,3522.0,3503.0,3360.0,3482.0,3355.0,3186.0,3293.0,3270.0,3348.0,3021.0,3483.0,3470.0,3273.0,3446.0,3248.0,3443.0,3505.0,3407.0,81.560993946,0.019967151000000002
1407.0,1933.0,2236.0,2099.0,2103.0,2105.0,2110.0,2107.0,2109.0,2112.0,2112.0,2115.0,2111.0,2110.0,2110.0,2110.0,2109.0,2113.0,2108.0,2106.0,2111.0,2109.0,2104.0,2100.0,2102.0,3131.0,3524.0,3502.0,3361.0,3482.0,3355.0,3186.0,3294.0,3270.0,3350.0,3017.0,3482.0,3468.0,3271.0,3446.0,3246.0,3446.0,3504.0,3407.0,81.580991431,0.019928609
1407.0,1932.0,2236.0,2067.0,2069.0,2067.0,2066.0,2064.0,2061.0,2054.0,2050.0,2046.0,2047.0,2047.0,2041.0,2042.0,2043.0,2044.0,2043.0,2036.0,2041.0,2034.0,2038.0,2037.0,2033.0,3133.0,3523.0,3503.0,3362.0,3482.0,3355.0,3186.0,3293.0,3269.0,3349.0,3014.0,3481.0,3469.0,3270.0,3445.0,3245.0,3444.0,3503.0,3407.0,81.600992578,0.019935598000000002
1407.0,1931.0,2236.0,1994.0,1988.0,1991.0,1991.0,1995.0,1993.0,1989.0,1986.0,1987.0,1986.0,1985.0,1986.0,1984.0,1986.0,1987.0,1987.0,1983.0,1978.0,1979.0,1980.0,1978.0,1979.0,3134.0,3524.0,3503.0,3363.0,3482.0,3356.0,3185.0,3293.0,3270.0,3349.0,3014.0,3481.0,3468.0,3270.0,3446.0,3244.0,3444.0,3504.0,3407.0,81.620994758,0.019939164000000002
1408.0,1932.0,2238.0,1945.0,1947.0,1940.0,1942.0,1942.0,1938.0,1942.0,1939.0,1938.0,1939.0,1937.0,1939.0,1935.0,1934.0,1935.0,1933.0,1931.0,1937.0,1937.0,1936.0,1937.0,1937.0,3134.0,3524.0,3504.0,3362.0,3482.0,3356.0,3186.0,3294.0,3270.0,3348.0,3018.0,3483.0,3468.0,3273.0,3448.0,3246.0,3444.0,3504.0,3407.0,81.64099192,0.019928451
1407.0,1931.0,2240.0,1948.0,1949.0,1949.0,1955.0,1953.0,1956.0,1958.0,1959.0,1957.0,1962.0,1958.0,1960.0,1960.0,1962.0,1966.0,1969.0,1971.0,1971.0,1969.0,1973.0,1974.0,1977.0,3133.0,3523.0,3502.0,3361.0,3482.0,3356.0,3185.0,3293.0,3270.0,3349.0,3021.0,3483.0,3469.0,3273.0,3447.0,3247.0,3444.0,3504.0,3407.0,81.660995174,0.019959884
1408.0,1930.0,2240.0,1995.0,1998.0,1995.0,1997.0,1992.0,1997.0,1996.0,1992.0,1993.0,1994.0,1990.0,1992.0,1996.0,1998.0,1997.0,2002.0,2003.0,2003.0,2002.0,2005.0,2003.0,2003.0,3135.0,3523.0,3502.0,3362.0,3482.0,3355.0,3186.0,3293.0,3271.0,3349.0,3020.0,3482.0,3469.0,3273.0,3446.0,3246.0,3444.0,3504.0,3408.0,81.680993571,0.019932089
1408.0,1931.0,2240.0,2040.0,2039.0,2040.0,2040.0,2042.0,2045.0,2049.0,2047.0,2048.0,2050.0,2049.0,2052.0,2052.0,2058.0,2058.0,2058.0,2054.0,2053.0,2056.0,2059.0,2058.0,2059.0,3136.0,3524.0,3503.0,3362.0,3482.0,3356.0,3185.0,3293.0,3270.0,3349.0,3018.0,3482.0,3469.0,3271.0,3447.0,3246.0,3444.0,3503.0,3407.0,81.700992437,0.019938126
1407.0,1933.0,2240.0,2042.0,2042.0,2039.0,2038.0,2042.0,2039.0,2035.0,2035.0,2033.0,2035.0,2033.0,2032.0,2032.0,2030.0,2027.0,2027.0,2029.0,2029.0,2031.0,2035.0,2029.0,2028.0,3135.0,3524.0,3503.0,3362.0,3482.0,3355.0,3186.0,3293.0,3271.0,3349.0,3020.0,3482.0,3469.0,3273.0,3447.0,3247.0,3444.0,3505.0,3407.0,81.720995828,0.019966736000000002
1408.0,1933.0,2240.0,2027.0,2032.0,2033.0,2032.0,2035.0,2034.0,2033.0,2038.0,2038.0,2035.0,2033.0,2038.0,2037.0,2034.0,2036.0,2035.0,2034.0,2037.0,2037.0,2042.0,2046.0,2046.0,3133.0,3523.0,3502.0,3362.0,3482.0,3355.0,3186.0,3294.0,3270.0,3349.0,3021.0,3483.0,3470.0,3273.0,3446.0,3246.0,3443.0,3504.0,3407.0,81.740992997,0.019929087
1408.0,1934.0,2239.0,2057.0,2057.0,2060.0,2057.0,2058.0,2057.0,2053.0,2053.0,2052.0,2054.0,2053.0,2050.0,2053.0,2053.0,2052.0,2049.0,2047.0,2041.0,2040.0,2045.0,2042.0,2041.0,3133.0,3523.0,3503.0,3362.0,3481.0,3356.0,3185.0,3293.0,3271.0,3348.0,3018.0,3482.0,3468.0,3271.0,3447.0,3246.0,3444.0,3505.0,3407.0,81.760994428,0.019956848000000003
1408.0,1933.0,2238.0,2036.0,2034.0,2028.0,2028.0,2028.0,2025.0,2028.0,2029.0,2028.0,2028.0,2030.0,2030.0,2031.0,2029.0,2029.0,2026.0,2023.0,2025.0,2027.0,2029.0,2027.0,2027.0,3136.0,3524.0,3504.0,3363.0,3482.0,3357.0,3186.0,3294.0,3270.0,3349.0,3017.0,3482.0,3468.0,3272.0,3446.0,3246.0,3444.0,3504.0,3408.0,81.780994046,0.019940785000000003
1408.0,1935.0,2238.0,2029.0,2035.0,2035.0,2030.0,2033.0,2036.0,2036.0,2041.0,2042.0,2044.0,2045.0,2046.0,2044.0,2043.0,2045.0,2044.0,2051.0,2051.0,2049.0,2054.0,2054.0,2056.0,3136.0,3524.0,3503.0,3363.0,3482.0,3356.0,3186.0,3294.0,3270.0,3348.0,3018.0,3481.0,3469.0,3271.0,3447.0,3246.0,3444.0,3505.0,3407.0,81.800996922,0.019937389
1408.0,1934.0,2238.0,2067.0,2070.0,2076.0,2078.0,2071.0,2072.0,2074.0,2064.0,2063.0,2068.0,2061.0,2064.0,2061.0,2067.0,2058.0,2054.0,2053.0,2054.0,2059.0,2060.0,2063.0,2059.0,3134.0,3523.0,3502.0,3362.0,3481.0,3355.0,3186.0,3293.0,3270.0,3349.0,3017.0,3482.0,3469.0,3271.0,3446.0,3245.0,3444.0,3504.0,3407.0,81.820997197,0.019939187
1408.0,1934.0,2238.0,2048.0,2048.0,2044.0,2039.0,2037.0,2037.0,2037.0,2041.0,2033.0,2030.0,2030.0,2029.0,2031.0,2027.0,2033.0,2034.0,2032.0,2029.0,2031.0,2029.0,2024.0,2024.0,3134.0,3524.0,3504.0,3362.0,3482.0,3357.0,3187.0,3293.0,3270.0,3348.0,3015.0,3481.0,3469.0,3270.0,3446.0,3244.0,3444.0,3504.0,3407.0,81.840994411,0.019929801
1407.0,1935.0,2240.0,1961.0,1955.0,1958.0,1962.0,1961.0,1952.0,1946.0,1946.0,1944.0,1945.0,1945.0,1944.0,1940.0,1934.0,1934.0,1933.0,1927.0,1927.0,1930.0,1930.0,1928.0,1920.0,3137.0,3523.0,3504.0,3363.0,3482.0,3356.0,3186.0,3293.0,3270.0,3349.0,3017.0,3481.0,3468.0,3271.0,3446.0,3246.0,3444.0,3504.0,3407.0,81.860997641,0.01996117
1408.0,1934.0,2242.0,1903.0,1902.0,1906.0,1904.0,1907.0,1909.0,1905.0,1906.0,1911.0,1910.0,1909.0,1910.0,1910.0,1909.0,1913.0,1910.0,1905.0,1903.0,1907.0,1913.0,1910.0,1908.0,3134.0,3523.0,3503.0,3362.0,3483.0,3355.0,3186.0,3293.0,3270.0,3348.0,3024.0,3482.0,3469.0,3273.0,3448.0,3247.0,3444.0,3505.0,3407.0,81.880998019,0.019934238
1408.0,1933.0,2242.0,1945.0,1949.0,1954.0,1954.0,1960.0,1959.0,1962.0,1962.0,1967.0,1970.0,1972.0,1973.0,1979.0,1985.0,1987.0,1990.0,1995.0,1998.0,2002.0,2010.0,2014.0,2015.0,3132.0,3522.0,3501.0,3361.0,3481.0,3355.0,3186.0,3293.0,3271.0,3349.0,3028.0,3483.0,3471.0,3275.0,3448.0,3248.0,3445.0,3505.0,3408.0,81.900996513,0.019928917
1408.0,1935.0,2242.0,2046.0,2050.0,2052.0,2053.0,2049.0,2047.0,2049.0,2050.0,2052.0,2052.0,2052.0,2049.0,2048.0,2049.0,2044.0,2042.0,2042.0,2041.0,2035.0,2035.0,2034.0,2036.0,3136.0,3523.0,3503.0,3362.0,3482.0,3355.0,3187.0,3294.0,3270.0,3348.0,3025.0,3482.0,3469.0,3273.0,3446.0,3246.0,3444.0,3504.0,3407.0,81.920998676,0.019943345
1408.0,1935.0,2243.0,2009.0,2007.0,2005.0,2010.0,2014.0,2017.0,2005.0,1999.0,1992.0,1992.0,1990.0,1986.0,1982.0,1970.0,1971.0,1967.0,1960.0,1961.0,1963.0,1958.0,1954.0,1951.0,3136.0,3523.0,3503.0,3362.0,3482.0,3356.0,3186.0,3293.0,3270.0,3348.0,3025.0,3482.0,3469.0,3272.0,3447.0,3245.0,3443.0,3504.0,3407.0,81.940995203,0.019925090000000003
1408.0,1936.0,2245.0,1935.0,1933.0,1934.0,1939.0,1936.0,1938.0,1940.0,1947.0,1939.0,1933.0,1932.0,1930.0,1932.0,1931.0,1932.0,1934.0,1931.0,1928.0,1928.0,1925.0,1919.0,1920.0,3139.0,3523.0,3502.0,3364.0,3483.0,3356.0,3187.0,3293.0,3270.0,3348.0,3023.0,3482.0,3469.0,3272.0,3447.0,3245.0,3444.0,3506.0,3407.0,81.96099951,0.019942447000000002
1408.0,1936.0,2247.0,1912.0,1914.0,1913.0,1908.0,1907.0,1911.0,1911.0,1913.0,1915.0,1908.0,1911.0,1907.0,1899.0,1893.0,1903.0,1905.0,1904.0,1912.0,1907.0,1904.0,1900.0,1904.0,3141.0,3524.0,3504.0,3364.0,3483.0,3357.0,3187.0,3293.0,3270.0,3349.0,3027.0,3482.0,3469.0,3272.0,3446.0,3245.0,3444.0,3504.0,3407.0,81.980996266,0.019929907
1409.0,1940.0,2250.0,1886.0,1884.0,1883.0,1880.0,1879.0,1881.0,1884.0,1879.0,1881.0,1887.0,1884.0,1881.0,1885.0,1883.0,1884.0,1883.0,1885.0,1884.0,1883.0,1886.0,1880.0,1879.0,3141.0,3523.0,3504.0,3364.0,3482.0,3356.0,3188.0,3294.0,3270.0,3348.0,3031.0,3483.0,3469.0,3275.0,3447.0,3247.0,3443.0,3504.0,3408.0,82.000996374,0.019935426000000003
1408.0,1939.0,2253.0,1905.0,1903.0,1904.0,1901.0,1902.0,1907.0,1908.0,1910.0,1908.0,1907.0,1909.0,1907.0,1908.0,1906.0,1906.0,1904.0,1908.0,1905.0,1903.0,1905.0,1900.0,1900.0,3143.0,3523.0,3503.0,3366.0,3483.0,3357.0,3187.0,3293.0,3270.0,3348.0,3032.0,3483.0,3470.0,3275.0,3448.0,3247.0,3443.0,3505.0,3408.0,82.021002029,0.019971712000000003
1408.0,1939.0,2256.0,1881.0,1884.0,1881.0,1882.0,1881.0,1880.0,1876.0,1881.0,1879.0,1879.0,1878.0,1877.0,1875.0,1876.0,1876.0,1877.0,1879.0,1877.0,1880.0,1889.0,1882.0,1881.0,3143.0,3524.0,3504.0,3365.0,3483.0,3357.0,3188.0,3292.0,3271.0,3349.0,3037.0,3484.0,3472.0,3278.0,3450.0,3250.0,3443.0,3504.0,3408.0,82.040997923,0.019916427
1408.0,1939.0,2256.0,1947.0,1954.0,1955.0,1963.0,1961.0,1966.0,1970.0,1972.0,1977.0,1979.0,1982.0,1984.0,1986.0,1990.0,1994.0,1998.0,2003.0,2001.0,2007.0,2013.0,2014.0,2018.0,3139.0,3521.0,3502.0,3365.0,3482.0,3357.0,3188.0,3292.0,3271.0,3348.0,3044.0,3486.0,3474.0,3283.0,3451.0,3252.0,3443.0,3506.0,3409.0,82.060999719,0.019940985
1408.0,1939.0,2253.0,2111.0,2112.0,2117.0,2121.0,2127.0,2128.0,2134.0,2135.0,2136.0,2140.0,2148.0,2147.0,2152.0,2154.0,2157.0,2155.0,2157.0,2159.0,2165.0,2164.0,2162.0,2163.0,3137.0,3521.0,3502.0,3362.0,3482.0,3356.0,3187.0,3292.0,3271.0,3349.0,3044.0,3487.0,3473.0,3281.0,3450.0,3252.0,3443.0,3506.0,3409.0,82.081000483,0.019934366000000002
1409.0,1938.0,2250.0,2144.0,2136.0,2137.0,2142.0,2142.0,2139.0,2143.0,2142.0,2139.0,2138.0,2140.0,2139.0,2135.0,2136.0,2138.0,2132.0,2134.0,2137.0,2132.0,2137.0,2132.0,2130.0,3137.0,3522.0,3502.0,3362.0,3482.0,3355.0,3187.0,3292.0,3271.0,3349.0,3039.0,3485.0,3472.0,3278.0,3449.0,3250.0,3443.0,3505.0,3408.0,82.10099706,0.019929478
1408.0,1939.0,2249.0,2132.0,2135.0,2131.0,2127.0,2125.0,2127.0,2124.0,2126.0,2125.0,2118.0,2114.0,2117.0,2122.0,2122.0,2118.0,2112.0,2109.0,2104.0,2100.0,2105.0,2103.0,2098.0,3138.0,3522.0,3503.0,3363.0,3482.0,3356.0,3188.0,3293.0,3271.0,3348.0,3034.0,3483.0,3471.0,3276.0,3448.0,3248.0,3443.0,3505.0,3408.0,82.121004394,0.01996935
1409.0,1938.0,2249.0,2069.0,2069.0,2068.0,2070.0,2063.0,2066.0,2069.0,2060.0,2056.0,2054.0,2053.0,2054.0,2055.0,2061.0,2059.0,2062.0,2058.0,2059.0,2063.0,2064.0,2057.0,2059.0,3140.0,3523.0,3503.0,3364.0,3482.0,3356.0,3188.0,3293.0,3270.0,3348.0,3032.0,3483.0,3470.0,3275.0,3447.0,3248.0,3443.0,3504.0,3407.0,82.140997298,0.019915689
1408.0,1938.0,2247.0,2077.0,2076.0,2077.0,2079.0,2079.0,2078.0,2085.0,2085.0,2089.0,2090.0,2093.0,2092.0,2094.0,2095.0,2091.0,2094.0,2095.0,2093.0,2088.0,2091.0,2088.0,2090.0,3141.0,3523.0,3503.0,3363.0,3483.0,3357.0,3187.0,3293.0,3270.0,3349.0,3029.0,3483.0,3469.0,3274.0,3447.0,3248.0,3444.0,3504.0,3408.0,82.161001202,0.019944694000000002
1408.0,1937.0,2246.0,2064.0,2060.0,2065.0,2065.0,2066.0,2067.0,2068.0,2068.0,2063.0,2066.0,2066.0,2071.0,2073.0,2070.0,2073.0,2074.0,2072.0,2076.0,2077.0,2081.0,2083.0,2085.0,3140.0,3523.0,3504.0,3363.0,3483.0,3356.0,3187.0,3293.0,3270.0,3348.0,3029.0,3483.0,3470.0,3275.0,3448.0,3247.0,3444.0,3505.0,3408.0,82.181001556,0.019943372
1409.0,1939.0,2245.0,2094.0,2093.0,2093.0,2097.0,2093.0,2095.0,2093.0,2098.0,2097.0,2094.0,2098.0,2097.0,2095.0,2098.0,2103.0,2104.0,2100.0,2101.0,2098.0,2099.0,2098.0,2096.0,3138.0,3523.0,3503.0,3363.0,3482.0,3356.0,3187.0,3293.0,3270.0,3348.0,3028.0,3483.0,3469.0,3274.0,3448.0,3248.0,3443.0,3504.0,3407.0,82.200998819,0.019929948000000003
1408.0,1940.0,2245.0,2070.0,2075.0,2071.0,2076.0,2072.0,2064.0,2072.0,2073.0,2080.0,2077.0,2061.0,2068.0,2066.0,2067.0,2063.0,2068.0,2067.0,2061.0,2053.0,2061.0,2062.0,2064.0,3140.0,3523.0,3503.0,3364.0,3481.0,3356.0,3187.0,3294.0,3270.0,3348.0,3027.0,3482.0,3469.0,3274.0,3447.0,3247.0,3443.0,3504.0,3407.0,82.221002563,0.019962928
1408.0,1940.0,2243.0,2051.0,2047.0,2048.0,2050.0,2055.0,2058.0,2069.0,2063.0,2055.0,2061.0,2063.0,2063.0,2061.0,2058.0,2065.0,2068.0,2068.0,2068.0,2070.0,2073.0,2069.0,2070.0,3139.0,3523.0,3503.0,3363.0,3482.0,3354.0,3188.0,3294.0,3270.0,3348.0,3027.0,3482.0,3469.0,3273.0,3446.0,3245.0,3444.0,3504.0,3408.0,82.240999882,0.019928262000000002
1409.0,1937.0,2242.0,2107.0,2102.0,2105.0,2102.0,2107.0,2099.0,2096.0,2100.0,2092.0,2085.0,2085.0,2090.0,2104.0,2098.0,2086.0,2081.0,2083.0,2077.0,2085.0,2094.0,2096.0,2092.0,3139.0,3523.0,3502.0,3364.0,3482.0,3355.0,3187.0,3294.0,3270.0,3349.0,3023.0,3482.0,3469.0,3271.0,3447.0,3246.0,3443.0,3504.0,3407.0,82.261002861,0.019929834
1408.0,1938.0,2242.0,2085.0,2077.0,2076.0,2079.0,2066.0,2067.0,2067.0,2068.0,2071.0,2071.0,2066.0,2059.0,2048.0,2053.0,2049.0,2052.0,2052.0,2048.0,2054.0,2057.0,2044.0,2043.0,3141.0,3524.0,3504.0,3364.0,3482.0,3356.0,3187.0,3293.0,3269.0,3348.0,3018.0,3481.0,3468.0,3270.0,3445.0,3245.0,3443.0,3504.0,3407.0,82.281002764,0.019937577
1408.0,1937.0,2243.0,1992.0,1995.0,1997.0,1991.0,1995.0,1993.0,1990.0,1989.0,1998.0,1995.0,1994.0,1992.0,1995.0,1993.0,1995.0,1995.0,1994.0,1998.0,2000.0,2003.0,2000.0,2003.0,3140.0,3523.0,3505.0,3364.0,3482.0,3357.0,3186.0,3294.0,3270.0,3348.0,3019.0,3481.0,3469.0,3269.0,3446.0,3245.0,3443.0,3504.0,3408.0,82.300999807,0.019929803000000003
1408.0,1936.0,2244.0,2005.0,2006.0,2007.0,2003.0,2003.0,2000.0,1999.0,2000.0,1999.0,2002.0,1998.0,1995.0,1995.0,1994.0,1991.0,1995.0,1991.0,1987.0,1991.0,1992.0,1984.0,1987.0,3141.0,3525.0,3503.0,3365.0,3483.0,3357.0,3186.0,3294.0,3268.0,3349.0,3017.0,3481.0,3468.0,3271.0,3447.0,3245.0,3444.0,3505.0,3408.0,82.321004541,0.019965358000000002
1408.0,1938.0,2244.0,1982.0,1982.0,1983.0,1978.0,1984.0,1984.0,1982.0,1981.0,1976.0,1975.0,1974.0,1979.0,1980.0,1975.0,1977.0,1970.0,1964.0,1970.0,1970.0,1974.0,1967.0,1959.0,3142.0,3525.0,3504.0,3366.0,3483.0,3358.0,3186.0,3293.0,3270.0,3348.0,3019.0,3481.0,3468.0,3270.0,3446.0,3246.0,3444.0,3504.0,3408.0,82.34100209,0.019923281
1409.0,1938.0,2246.0,1946.0,1949.0,1952.0,1948.0,1948.0,1949.0,1949.0,1949.0,1952.0,1954.0,1957.0,1961.0,1963.0,1960.0,1957.0,1958.0,1964.0,1965.0,1972.0,1976.0,1975.0,1972.0,3142.0,3524.0,3504.0,3366.0,3482.0,3357.0,3187.0,3294.0,3270.0,3349.0,3022.0,3481.0,3468.0,3272.0,3446.0,3246.0,3443.0,3505.0,3407.0,82.361001624,0.019928421
1408.0,1937.0,2247.0,1970.0,1969.0,1968.0,1969.0,1968.0,1963.0,1959.0,1962.0,1967.0,1971.0,1968.0,1965.0,1965.0,1964.0,1963.0,1961.0,1965.0,1961.0,1963.0,1965.0,1962.0,1960.0,3142.0,3523.0,3505.0,3365.0,3483.0,3358.0,3186.0,3295.0,3270.0,3349.0,3024.0,3481.0,3468.0,3272.0,3446.0,3246.0,3443.0,3505.0,3408.0,82.381007377,0.019949823000000002
1408.0,1939.0,2246.0,1998.0,2000.0,1998.0,2000.0,2003.0,2006.0,2007.0,2006.0,2007.0,2007.0,2007.0,2007.0,2008.0,2014.0,2011.0,2017.0,2018.0,2021.0,2019.0,2025.0,2023.0,2027.0,3144.0,3524.0,3504.0,3366.0,3483.0,3358.0,3187.0,3294.0,3269.0,3349.0,3021.0,3481.0,3468.0,3272.0,3446.0,3245.0,3444.0,3504.0,3408.0,82.401003789,0.019915296000000002
1409.0,1939.0,2247.0,2036.0,2037.0,2036.0,2033.0,2031.0,2031.0,2030.0,2025.0,2032.0,2030.0,2028.0,2027.0,2026.0,2029.0,2028.0,2031.0,2023.0,2024.0,2028.0,2029.0,2025.0,2023.0,3148.0,3525.0,3505.0,3368.0,3484.0,3359.0,3187.0,3294.0,3268.0,3348.0,3016.0,3479.0,3466.0,3268.0,3445.0,3243.0,3444.0,3504.0,3407.0,82.42100448,0.019924568
1409.0,1941.0,2249.0,1994.0,1989.0,1985.0,1981.0,1978.0,1972.0,1971.0,1970.0,1961.0,1963.0,1957.0,1953.0,1945.0,1942.0,1937.0,1934.0,1932.0,1927.0,1925.0,1923.0,1912.0,1912.0,3153.0,3526.0,3506.0,3370.0,3486.0,3361.0,3187.0,3294.0,3268.0,3348.0,3011.0,3478.0,3465.0,3266.0,3444.0,3241.0,3443.0,3505.0,3407.0,82.441004831,0.019935341000000002
1409.0,1939.0,2252.0,1868.0,1865.0,1867.0,1863.0,1863.0,1860.0,1856.0,1859.0,1859.0,1859.0,1856.0,1856.0,1853.0,1850.0,1852.0,1850.0,1850.0,1846.0,1844.0,1848.0,1842.0,1843.0,3153.0,3527.0,3505.0,3370.0,3485.0,3361.0,3186.0,3294.0,3269.0,3348.0,3018.0,3480.0,3468.0,3270.0,3446.0,3244.0,3443.0,3505.0,3409.0,82.461005122,0.019932903000000002
1409.0,1941.0,2256.0,1817.0,1816.0,1822.0,1820.0,1824.0,1826.0,1825.0,1821.0,1824.0,1828.0,1832.0,1833.0,1834.0,1834.0,1835.0,1837.0,1838.0,1840.0,1841.0,1848.0,1850.0,1853.0,3151.0,3525.0,3505.0,3370.0,3484.0,3362.0,3186.0,3293.0,3269.0,3348.0,3028.0,3483.0,3469.0,3276.0,3449.0,3249.0,3442.0,3506.0,3409.0,82.481005203,0.019937188
1409.0,1941.0,2257.0,1912.0,1916.0,1918.0,1926.0,1927.0,1932.0,1936.0,1943.0,1946.0,1949.0,1954.0,1962.0,1965.0,1971.0,1976.0,1980.0,1983.0,1987.0,1991.0,2000.0,2000.0,2007.0,3147.0,3524.0,3505.0,3368.0,3484.0,3359.0,3187.0,3293.0,3270.0,3347.0,3034.0,3484.0,3471.0,3279.0,3449.0,3250.0,3443.0,3505.0,3410.0,82.501001644,0.019927157
1409.0,1940.0,2253.0,2128.0,2129.0,2129.0,2130.0,2132.0,2137.0,2139.0,2142.0,2149.0,2151.0,2154.0,2153.0,2153.0,2158.0,2160.0,2161.0,2167.0,2166.0,2167.0,2171.0,2167.0,2166.0,3149.0,3525.0,3506.0,3368.0,3485.0,3359.0,3187.0,3293.0,3269.0,3347.0,3027.0,3481.0,3469.0,3273.0,3447.0,3245.0,3443.0,3505.0,3408.0,82.521003079,0.019960527000000002
1409.0,1941.0,2250.0,2181.0,2179.0,2176.0,2168.0,2171.0,2170.0,2171.0,2172.0,2169.0,2171.0,2170.0,2169.0,2162.0,2161.0,2166.0,2161.0,2161.0,2158.0,2157.0,2159.0,2149.0,2151.0,3155.0,3526.0,3506.0,3369.0,3484.0,3360.0,3189.0,3295.0,3268.0,3347.0,3019.0,3479.0,3465.0,3266.0,3444.0,3241.0,3443.0,3503.0,3408.0,82.541002875,0.019957744000000003
1410.0,1941.0,2250.0,2086.0,2089.0,2087.0,2079.0,2076.0,2070.0,2079.0,2072.0,2066.0,2070.0,2069.0,2063.0,2065.0,2057.0,2058.0,2064.0,2061.0,2063.0,2063.0,2069.0,2060.0,2064.0,3156.0,3526.0,3506.0,3370.0,3485.0,3360.0,3188.0,3294.0,3268.0,3348.0,3017.0,3478.0,3465.0,3266.0,3444.0,3242.0,3443.0,3504.0,3408.0,82.561006124,0.019938382
1409.0,1940.0,2250.0,2041.0,2042.0,2042.0,2045.0,2047.0,2041.0,2039.0,2039.0,2038.0,2043.0,2043.0,2043.0,2047.0,2040.0,2036.0,2041.0,2039.0,2036.0,2036.0,2036.0,2032.0,2032.0,3157.0,3527.0,3506.0,3370.0,3483.0,3359.0,3188.0,3295.0,3269.0,3348.0,3015.0,3477.0,3466.0,3266.0,3443.0,3240.0,3442.0,3504.0,3408.0,82.581004832,0.019938794000000003
1409.0,1939.0,2250.0,2041.0,2046.0,2046.0,2047.0,2049.0,2047.0,2045.0,2044.0,2053.0,2050.0,2045.0,2049.0,2050.0,2053.0,2051.0,2048.0,2046.0,2044.0,2044.0,2047.0,2041.0,2039.0,3157.0,3527.0,3506.0,3372.0,3485.0,3360.0,3189.0,3295.0,3268.0,3347.0,3012.0,3477.0,3464.0,3264.0,3443.0,3239.0,3442.0,3504.0,3407.0,82.601003742,0.019934725
1409.0,1941.0,2251.0,2024.0,2023.0,2018.0,2017.0,2018.0,2019.0,2022.0,2014.0,2015.0,2012.0,2014.0,2017.0,2011.0,2013.0,2014.0,2012.0,2009.0,2006.0,2004.0,2011.0,2006.0,2004.0,3159.0,3527.0,3507.0,3372.0,3485.0,3360.0,3189.0,3295.0,3267.0,3347.0,3012.0,3477.0,3464.0,3262.0,3443.0,3238.0,3442.0,3504.0,3407.0,82.621003768,0.019960270000000002
1409.0,1940.0,2251.0,1984.0,1989.0,1982.0,1980.0,1981.0,1985.0,1985.0,1984.0,1987.0,1989.0,1986.0,1983.0,1985.0,1980.0,1983.0,1990.0,1985.0,1989.0,1982.0,1983.0,1980.0,1983.0,3162.0,3527.0,3507.0,3374.0,3485.0,3362.0,3189.0,3295.0,3267.0,3347.0,3011.0,3476.0,3462.0,3262.0,3443.0,3238.0,3441.0,3504.0,3407.0,82.641006589,0.019951803
1409.0,1943.0,2251.0,1986.0,1985.0,1993.0,1989.0,1987.0,1989.0,1985.0,1990.0,1989.0,1992.0,1989.0,1992.0,1995.0,1995.0,1995.0,1995.0,1997.0,1995.0,1989.0,1995.0,1999.0,1999.0,3163.0,3527.0,3507.0,3373.0,3485.0,3362.0,3189.0,3295.0,3268.0,3347.0,3011.0,3476.0,3463.0,3263.0,3443.0,3238.0,3442.0,3504.0,3407.0,82.661004092,0.019930306000000002
1410.0,1944.0,2251.0,2002.0,1998.0,2000.0,2005.0,2008.0,2008.0,2009.0,2004.0,2004.0,2010.0,2009.0,2006.0,2006.0,2006.0,2006.0,2001.0,2004.0,2003.0,2006.0,2011.0,2002.0,2000.0,3163.0,3528.0,3507.0,3373.0,3486.0,3362.0,3188.0,3295.0,3267.0,3347.0,3009.0,3476.0,3463.0,3262.0,3442.0,3238.0,3442.0,3503.0,3408.0,82.681084536,0.020047744000000003
1409.0,1944.0,2253.0,2014.0,2015.0,2008.0,2011.0,2016.0,2020.0,2022.0,2023.0,2016.0,2011.0,2021.0,2020.0,2020.0,2019.0,2019.0,2020.0,2022.0,2023.0,2025.0,2030.0,2036.0,2022.0,3162.0,3527.0,3507.0,3374.0,3485.0,3362.0,3189.0,3295.0,3267.0,3347.0,3011.0,3476.0,3463.0,3264.0,3443.0,3238.0,3442.0,3504.0,3407.0,82.701007589,0.019885684
1409.0,1946.0,2252.0,2009.0,2006.0,2007.0,2004.0,2004.0,2004.0,2001.0,2004.0,2002.0,1997.0,2002.0,1996.0,1998.0,1997.0,1999.0,2008.0,2015.0,2012.0,1992.0,1996.0,1998.0,2016.0,3160.0,3527.0,3507.0,3374.0,3485.0,3362.0,3188.0,3294.0,3268.0,3347.0,3014.0,3478.0,3465.0,3266.0,3444.0,3241.0,3442.0,3504.0,3408.0,82.721005055,0.019923045
1410.0,1942.0,2253.0,1985.0,1984.0,1985.0,1979.0,1997.0,1995.0,1984.0,1991.0,1997.0,1986.0,1985.0,1987.0,1991.0,1991.0,1994.0,1977.0,1980.0,1991.0,1992.0,1988.0,1983.0,1995.0,3157.0,3526.0,3506.0,3373.0,3485.0,3361.0,3187.0,3294.0,3269.0,3347.0,3020.0,3480.0,3468.0,3269.0,3446.0,3243.0,3442.0,3506.0,3408.0,82.741005096,0.019962196
1410.0,1943.0,2253.0,2022.0,2022.0,2010.0,2015.0,2015.0,2020.0,2029.0,2046.0,2042.0,2042.0,2039.0,2053.0,2054.0,2045.0,2056.0,2042.0,2049.0,2048.0,2055.0,2055.0,2053.0,2055.0,3150.0,3524.0,3506.0,3369.0,3483.0,3360.0,3187.0,3293.0,3269.0,3348.0,3027.0,3481.0,3469.0,3273.0,3448.0,3247.0,3442.0,3505.0,3408.0,82.761005654,0.019940303000000003
1409.0,1942.0,2250.0,2095.0,2095.0,2093.0,2101.0,2108.0,2095.0,2097.0,2099.0,2087.0,2104.0,2114.0,2112.0,2122.0,2120.0,2128.0,2186.0,2098.0,2096.0,2105.0,2123.0,2117.0,2109.0,3145.0,3524.0,3505.0,3366.0,3483.0,3358.0,3187.0,3292.0,3270.0,3349.0,3030.0,3483.0,3470.0,3275.0,3448.0,3248.0,3443.0,3505.0,3409.0,82.781009,0.019973006
1409.0,1943.0,2249.0,2150.0,2071.0,2052.0,2100.0,2116.0,2144.0,2126.0,2103.0,2108.0,2113.0,2109.0,2108.0,2110.0,2104.0,2104.0,2109.0,2082.0,2074.0,2087.0,2072.0,2065.0,2075.0,3141.0,3524.0,3504.0,3366.0,3484.0,3358.0,3185.0,3293.0,3270.0,3348.0,3026.0,3483.0,3470.0,3276.0,3449.0,3249.0,3444.0,3505.0,3407.0,82.801007276,0.019925461000000002
1410.0,1942.0,2251.0,1966.0,1958.0,1961.0,1969.0,1963.0,1963.0,1967.0,1973.0,1984.0,1956.0,1980.0,2001.0,2011.0,2007.0,2009.0,1989.0,1988.0,1994.0,1986.0,1987.0,1965.0,1964.0,3140.0,3523.0,3503.0,3365.0,3484.0,3359.0,3186.0,3293.0,3270.0,3349.0,3030.0,3483.0,3471.0,3277.0,3450.0,3250.0,3444.0,3505.0,3408.0,82.821005938,0.019931512000000002
1410.0,1945.0,2251.0,1965.0,1969.0,1973.0,1975.0,1966.0,1967.0,1965.0,1945.0,1957.0,1972.0,1977.0,1979.0,1984.0,1985.0,1978.0,1984.0,1981.0,1990.0,1998.0,1995.0,2012.0,2006.0,3138.0,3523.0,3503.0,3364.0,3483.0,3357.0,3186.0,3292.0,3270.0,3348.0,3037.0,3485.0,3472.0,3280.0,3450.0,3251.0,3444.0,3505.0,3408.0,82.841005856,0.019965336
1410.0,1945.0,2251.0,2007.0,2022.0,2023.0,2033.0,2036.0,2049.0,2053.0,2055.0,2056.0,2067.0,2077.0,2083.0,2082.0,2084.0,2094.0,2106.0,2104.0,2101.0,2088.0,2080.0,2075.0,2078.0,3136.0,3522.0,3501.0,3362.0,3481.0,3355.0,3187.0,3292.0,3273.0,3348.0,3041.0,3485.0,3471.0,3280.0,3451.0,3251.0,3443.0,3505.0,3409.0,82.861006947,0.019942090000000003
1410.0,1945.0,2249.0,2129.0,2119.0,2119.0,2112.0,2100.0,2105.0,2109.0,2121.0,2128.0,2123.0,2126.0,2126.0,2123.0,2121.0,2122.0,2131.0,2135.0,2133.0,2126.0,2118.0,2103.0,2101.0,3138.0,3522.0,3503.0,3362.0,3482.0,3355.0,3188.0,3293.0,3271.0,3347.0,3037.0,3484.0,3471.0,3277.0,3449.0,3249.0,3443.0,3505.0,3409.0,82.881013215,0.019969677
1410.0,1945.0,2249.0,2059.0,2059.0,2063.0,2062.0,2049.0,2032.0,2045.0,2062.0,2066.0,2059.0,2049.0,2029.0,2016.0,2030.0,2037.0,2041.0,2031.0,2033.0,2025.0,2023.0,2029.0,2036.0,3138.0,3522.0,3502.0,3363.0,3481.0,3355.0,3188.0,3292.0,3271.0,3349.0,3034.0,3484.0,3470.0,3277.0,3449.0,3248.0,3443.0,3504.0,3409.0,82.901010759,0.019920321
1410.0,1947.0,2248.0,2034.0,2043.0,2040.0,2040.0,2038.0,2038.0,2027.0,2037.0,2044.0,2048.0,2047.0,2051.0,2049.0,2039.0,2043.0,2056.0,2048.0,2047.0,2051.0,2051.0,2047.0,2051.0,3137.0,3522.0,3503.0,3363.0,3482.0,3355.0,3188.0,3292.0,3270.0,3348.0,3034.0,3484.0,3471.0,3278.0,3449.0,3250.0,3444.0,3505.0,3408.0,82.921007262,0.019923279000000002
1409.0,1945.0,2248.0,2050.0,2049.0,2045.0,2044.0,2048.0,2048.0,2043.0,2037.0,2041.0,2039.0,2038.0,2038.0,2039.0,2036.0,2034.0,2026.0,2024.0,2025.0,2025.0,2029.0,2030.0,2028.0,3137.0,3522.0,3503.0,3362.0,3482.0,3357.0,3187.0,3292.0,3271.0,3348.0,3032.0,3483.0,3471.0,3277.0,3450.0,3250.0,3444.0,3505.0,3408.0,82.941008011,0.019965507
1409.0,1946.0,2248.0,2021.0,2012.0,2022.0,2022.0,2024.0,2023.0,2024.0,2025.0,2030.0,2030.0,2027.0,2029.0,2029.0,2022.0,2018.0,2023.0,2025.0,2025.0,2023.0,2025.0,2022.0,2020.0,3139.0,3522.0,3504.0,3363.0,3482.0,3357.0,3186.0,3293.0,3271.0,3348.0,3030.0,3484.0,3469.0,3277.0,3450.0,3249.0,3444.0,3504.0,3408.0,82.96100830500001,0.019934423
1409.0,1947.0,2249.0,2027.0,2031.0,2028.0,2018.0,2014.0,2011.0,2010.0,2009.0,2004.0,1999.0,2002.0,1999.0,1996.0,1997.0,1996.0,1995.0,1997.0,1992.0,1994.0,1998.0,1992.0,1995.0,3142.0,3524.0,3504.0,3366.0,3483.0,3358.0,3187.0,3293.0,3269.0,3349.0,3026.0,3482.0,3470.0,3275.0,3448.0,3249.0,3443.0,3505.0,3409.0,82.981010399,0.019963244
1410.0,1949.0,2251.0,1956.0,1962.0,1958.0,1957.0,1957.0,1955.0,1949.0,1950.0,1949.0,1948.0,1945.0,1938.0,1933.0,1938.0,1933.0,1932.0,1926.0,1922.0,1921.0,1924.0,1921.0,1918.0,3143.0,3524.0,3505.0,3366.0,3483.0,3358.0,3187.0,3293.0,3269.0,3348.0,3027.0,3483.0,3471.0,3276.0,3448.0,3248.0,3443.0,3505.0,3409.0,83.001011614,0.019936426
1410.0,1950.0,2254.0,1879.0,1878.0,1875.0,1878.0,1874.0,1872.0,1873.0,1871.0,1872.0,1872.0,1871.0,1868.0,1870.0,1872.0,1867.0,1870.0,1872.0,1877.0,1876.0,1881.0,1879.0,1880.0,3143.0,3524.0,3504.0,3366.0,3483.0,3359.0,3187.0,3293.0,3270.0,3348.0,3029.0,3484.0,3471.0,3277.0,3448.0,3250.0,3443.0,3505.0,3409.0,83.021008481,0.019924117
1410.0,1949.0,2255.0,1915.0,1915.0,1921.0,1925.0,1930.0,1929.0,1927.0,1927.0,1929.0,1930.0,1929.0,1930.0,1932.0,1934.0,1934.0,1936.0,1936.0,1935.0,1937.0,1940.0,1934.0,1931.0,3147.0,3524.0,3507.0,3369.0,3484.0,3360.0,3186.0,3293.0,3269.0,3348.0,3027.0,3483.0,3469.0,3276.0,3449.0,3249.0,3443.0,3505.0,3409.0,83.041012285,0.01996831
1410.0,1950.0,2258.0,1903.0,1904.0,1904.0,1903.0,1904.0,1909.0,1905.0,1908.0,1908.0,1908.0,1913.0,1913.0,1918.0,1911.0,1913.0,1913.0,1916.0,1914.0,1923.0,1925.0,1923.0,1930.0,3150.0,3526.0,3506.0,3370.0,3485.0,3361.0,3186.0,3292.0,3269.0,3348.0,3029.0,3483.0,3470.0,3277.0,3449.0,3250.0,3443.0,3505.0,3410.0,83.061009757,0.019917037000000002
1410.0,1949.0,2258.0,1991.0,1988.0,1990.0,1995.0,1996.0,2008.0,2007.0,2009.0,2011.0,2014.0,2011.0,2014.0,2016.0,2015.0,2012.0,2012.0,2013.0,2015.0,2014.0,2016.0,2017.0,2014.0,3153.0,3526.0,3506.0,3371.0,3485.0,3362.0,3186.0,3294.0,3268.0,3348.0,3025.0,3482.0,3469.0,3275.0,3448.0,3248.0,3443.0,3506.0,3409.0,83.081012528,0.019938523
1410.0,1950.0,2258.0,2010.0,2009.0,2010.0,2011.0,2013.0,2013.0,2016.0,2017.0,2014.0,2013.0,2013.0,2012.0,2011.0,2014.0,2016.0,2017.0,2011.0,2011.0,2010.0,2014.0,2013.0,2014.0,3155.0,3526.0,3507.0,3373.0,3487.0,3363.0,3186.0,3294.0,3268.0,3348.0,3024.0,3481.0,3469.0,3274.0,3447.0,3248.0,3442.0,3505.0,3409.0,83.101076754,0.019999429000000003
1410.0,1950.0,2258.0,2021.0,2018.0,2017.0,2023.0,2023.0,2020.0,2018.0,2018.0,2017.0,2021.0,2024.0,2020.0,2017.0,2016.0,2015.0,2015.0,2018.0,2018.0,2013.0,2014.0,2014.0,2012.0,3156.0,3526.0,3507.0,3373.0,3486.0,3363.0,3185.0,3293.0,3268.0,3348.0,3023.0,3481.0,3469.0,3274.0,3448.0,3248.0,3443.0,3505.0,3410.0,83.121009945,0.019893075
1410.0,1948.0,2258.0,2023.0,2028.0,2027.0,2027.0,2025.0,2030.0,2026.0,2031.0,2032.0,2029.0,2026.0,2029.0,2031.0,2037.0,2037.0,2034.0,2032.0,2032.0,2033.0,2038.0,2033.0,2029.0,3155.0,3526.0,3506.0,3372.0,3485.0,3362.0,3187.0,3293.0,3269.0,3348.0,3027.0,3482.0,3469.0,3275.0,3447.0,3247.0,3443.0,3505.0,3408.0,83.141009316,0.019964954
1410.0,1949.0,2258.0,2001.0,2003.0,2006.0,2004.0,2006.0,2007.0,2005.0,2000.0,2002.0,2003.0,2000.0,1998.0,1999.0,2001.0,2000.0,2002.0,2000.0,2002.0,2004.0,2009.0,2003.0,2014.0,3153.0,3526.0,3506.0,3371.0,3485.0,3361.0,3188.0,3293.0,3269.0,3348.0,3029.0,3482.0,3470.0,3276.0,3448.0,3248.0,3443.0,3506.0,3408.0,83.161011952,0.019938894000000002
1410.0,1951.0,2257.0,2075.0,2080.0,2079.0,2083.0,2086.0,2085.0,2088.0,2091.0,2088.0,2088.0,2091.0,2094.0,2094.0,2102.0,2100.0,2098.0,2100.0,2101.0,2099.0,2106.0,2100.0,2096.0,3153.0,3525.0,3506.0,3371.0,3485.0,3361.0,3188.0,3294.0,3269.0,3348.0,3027.0,3481.0,3469.0,3274.0,3447.0,3247.0,3443.0,3505.0,3408.0,83.181016718,0.019960748
1410.0,1952.0,2255.0,2115.0,2121.0,2120.0,2114.0,2109.0,2112.0,2115.0,2114.0,2113.0,2112.0,2108.0,2106.0,2108.0,2108.0,2103.0,2105.0,2100.0,2102.0,2100.0,2107.0,2100.0,2102.0,3155.0,3526.0,3506.0,3371.0,3485.0,3362.0,3187.0,3294.0,3269.0,3348.0,3023.0,3481.0,3467.0,3272.0,3447.0,3245.0,3443.0,3505.0,3409.0,83.201013982,0.019922387
1410.0,1949.0,2254.0,2099.0,2096.0,2091.0,2097.0,2101.0,2102.0,2098.0,2099.0,2096.0,2102.0,2104.0,2102.0,2102.0,2104.0,2101.0,2095.0,2096.0,2097.0,2101.0,2104.0,2102.0,2102.0,3155.0,3526.0,3506.0,3371.0,3486.0,3361.0,3187.0,3294.0,3268.0,3348.0,3021.0,3480.0,3468.0,3270.0,3446.0,3245.0,3443.0,3506.0,3410.0,83.221011057,0.019926866
1410.0,1951.0,2253.0,2080.0,2081.0,2080.0,2076.0,2076.0,2084.0,2084.0,2085.0,2084.0,2081.0,2075.0,2076.0,2080.0,2077.0,2077.0,2073.0,2073.0,2075.0,2078.0,2084.0,2075.0,2079.0,3155.0,3527.0,3506.0,3371.0,3485.0,3361.0,3187.0,3295.0,3267.0,3348.0,3019.0,3480.0,3468.0,3270.0,3445.0,3243.0,3443.0,3504.0,3409.0,83.241012058,0.019966197
1410.0,1951.0,2253.0,2091.0,2095.0,2093.0,2091.0,2094.0,2087.0,2081.0,2079.0,2077.0,2079.0,2080.0,2074.0,2069.0,2068.0,2065.0,2061.0,2056.0,2060.0,2056.0,2063.0,2060.0,2059.0,3157.0,3527.0,3506.0,3373.0,3486.0,3361.0,3187.0,3295.0,3268.0,3348.0,3015.0,3478.0,3466.0,3268.0,3445.0,3244.0,3444.0,3505.0,3408.0,83.261011876,0.019936201
1410.0,1954.0,2253.0,2043.0,2045.0,2045.0,2047.0,2047.0,2041.0,2038.0,2043.0,2043.0,2038.0,2043.0,2033.0,2036.0,2043.0,2043.0,2041.0,2037.0,2037.0,2037.0,2034.0,2034.0,2038.0,3155.0,3527.0,3506.0,3372.0,3485.0,3362.0,3187.0,3294.0,3267.0,3349.0,3016.0,3479.0,3467.0,3270.0,3445.0,3244.0,3443.0,3506.0,3408.0,83.281014992,0.019962783
1410.0,1952.0,2250.0,2062.0,2060.0,2065.0,2067.0,2070.0,2072.0,2071.0,2070.0,2077.0,2073.0,2076.0,2082.0,2083.0,2085.0,2086.0,2088.0,2092.0,2091.0,2091.0,2097.0,2095.0,2098.0,3154.0,3527.0,3507.0,3371.0,3485.0,3362.0,3186.0,3295.0,3268.0,3349.0,3015.0,3479.0,3466.0,3269.0,3446.0,3245.0,3443.0,3505.0,3408.0,83.301015802,0.019934204
1410.0,1953.0,2249.0,2104.0,2108.0,2106.0,2108.0,2111.0,2107.0,2103.0,2103.0,2099.0,2102.0,2104.0,2104.0,2100.0,2102.0,2098.0,2095.0,2099.0,2096.0,2096.0,2100.0,2096.0,2093.0,3157.0,3528.0,3508.0,3374.0,3486.0,3362.0,3186.0,3295.0,3267.0,3348.0,3008.0,3477.0,3465.0,3265.0,3444.0,3242.0,3444.0,3504.0,3408.0,83.321012283,0.019926132000000003
1410.0,1952.0,2249.0,2093.0,2097.0,2092.0,2096.0,2094.0,2084.0,2084.0,2084.0,2082.0,2075.0,2073.0,2069.0,2066.0,2061.0,2056.0,2052.0,2050.0,2042.0,2041.0,2042.0,2035.0,2033.0,3160.0,3529.0,3508.0,3374.0,3486.0,3364.0,3186.0,3295.0,3266.0,3348.0,3001.0,3476.0,3463.0,3265.0,3444.0,3241.0,3443.0,3505.0,3408.0,83.34101283,0.019965892000000002
1410.0,1951.0,2250.0,1968.0,1976.0,1972.0,1965.0,1967.0,1968.0,1971.0,1970.0,1971.0,1973.0,1977.0,1974.0,1975.0,1978.0,1975.0,1971.0,1974.0,1974.0,1974.0,1979.0,1981.0,1979.0,3159.0,3527.0,3508.0,3374.0,3487.0,3364.0,3186.0,3294.0,3267.0,3348.0,3005.0,3478.0,3465.0,3266.0,3444.0,3242.0,3443.0,3504.0,3409.0,83.361013092,0.019929704000000003
1410.0,1952.0,2249.0,2032.0,2033.0,2035.0,2036.0,2036.0,2041.0,2040.0,2044.0,2051.0,2053.0,2054.0,2055.0,2055.0,2063.0,2065.0,2065.0,2072.0,2075.0,2073.0,2074.0,2076.0,2081.0,3155.0,3526.0,3508.0,3372.0,3486.0,3364.0,3186.0,3295.0,3266.0,3348.0,3009.0,3478.0,3466.0,3267.0,3445.0,3243.0,3443.0,3504.0,3408.0,83.381012324,0.019936949000000002
1411.0,1952.0,2247.0,2115.0,2113.0,2112.0,2115.0,2120.0,2120.0,2122.0,2120.0,2125.0,2128.0,2124.0,2127.0,2129.0,2133.0,2131.0,2133.0,2134.0,2135.0,2139.0,2137.0,2134.0,2134.0,3158.0,3527.0,3508.0,3373.0,3485.0,3363.0,3186.0,3295.0,3266.0,3348.0,3003.0,3476.0,3464.0,3264.0,3443.0,3241.0,3443.0,3504.0,3408.0,83.401015231,0.019963378
1410.0,1956.0,2245.0,2136.0,2133.0,2128.0,2131.0,2127.0,2125.0,2115.0,2115.0,2110.0,2111.0,2109.0,2106.0,2102.0,2106.0,2102.0,2090.0,2085.0,2087.0,2084.0,2086.0,2089.0,2084.0,3160.0,3528.0,3508.0,3374.0,3486.0,3364.0,3186.0,3295.0,3267.0,3348.0,2997.0,3476.0,3464.0,3262.0,3444.0,3241.0,3443.0,3504.0,3407.0,83.42101358,0.019928646
1410.0,1955.0,2245.0,2059.0,2056.0,2054.0,2052.0,2058.0,2058.0,2061.0,2062.0,2061.0,2060.0,2057.0,2056.0,2060.0,2059.0,2052.0,2051.0,2047.0,2050.0,2051.0,2056.0,2050.0,2045.0,3154.0,3527.0,3507.0,3372.0,3486.0,3362.0,3185.0,3295.0,3268.0,3348.0,3004.0,3477.0,3465.0,3266.0,3445.0,3243.0,3444.0,3505.0,3408.0,83.441013998,0.019959463
1410.0,1958.0,2244.0,2035.0,2035.0,2040.0,2040.0,2037.0,2038.0,2034.0,2039.0,2046.0,2052.0,2049.0,2045.0,2045.0,2042.0,2055.0,2066.0,2064.0,2062.0,2067.0,2075.0,2071.0,2073.0,3150.0,3527.0,3507.0,3371.0,3486.0,3362.0,3185.0,3294.0,3267.0,3348.0,3008.0,3478.0,3466.0,3268.0,3445.0,3244.0,3444.0,3504.0,3408.0,83.461016208,0.019934426
1410.0,1958.0,2243.0,2086.0,2094.0,2095.0,2096.0,2098.0,2104.0,2100.0,2102.0,2108.0,2106.0,2103.0,2095.0,2093.0,2094.0,2095.0,2094.0,2094.0,2092.0,2091.0,2093.0,2091.0,2091.0,3151.0,3526.0,3507.0,3371.0,3485.0,3362.0,3186.0,3295.0,3268.0,3348.0,3003.0,3478.0,3464.0,3266.0,3445.0,3243.0,3444.0,3505.0,3408.0,83.481015459,0.01993325
1410.0,1957.0,2244.0,2043.0,2043.0,2037.0,2032.0,2021.0,2021.0,2018.0,2013.0,2009.0,2013.0,2018.0,2012.0,2011.0,2004.0,2002.0,1995.0,1996.0,1992.0,1999.0,2002.0,1994.0,1991.0,3151.0,3527.0,3507.0,3371.0,3485.0,3362.0,3186.0,3294.0,3268.0,3348.0,3004.0,3478.0,3466.0,3268.0,3445.0,3243.0,3443.0,3505.0,3408.0,83.501021052,0.019945730000000002
1410.0,1956.0,2245.0,1998.0,2001.0,1998.0,1993.0,1995.0,1997.0,1998.0,1998.0,1995.0,1994.0,1993.0,1994.0,1995.0,1995.0,1986.0,1982.0,1986.0,1984.0,1979.0,1979.0,1977.0,1973.0,3145.0,3526.0,3505.0,3368.0,3485.0,3360.0,3185.0,3295.0,3268.0,3349.0,3013.0,3481.0,3469.0,3272.0,3448.0,3247.0,3444.0,3505.0,3408.0,83.521014958,0.019913632
1410.0,1958.0,2246.0,1931.0,1929.0,1928.0,1927.0,1924.0,1928.0,1931.0,1930.0,1919.0,1922.0,1922.0,1923.0,1927.0,1923.0,1918.0,1920.0,1923.0,1923.0,1927.0,1932.0,1923.0,1927.0,3140.0,3524.0,3504.0,3365.0,3483.0,3359.0,3186.0,3293.0,3270.0,3349.0,3022.0,3483.0,3470.0,3277.0,3448.0,3251.0,3444.0,3505.0,3409.0,83.541015311,0.019953748
1410.0,1959.0,2248.0,1952.0,1955.0,1955.0,1953.0,1956.0,1955.0,1956.0,1955.0,1961.0,1963.0,1965.0,1968.0,1967.0,1964.0,1963.0,1963.0,1966.0,1973.0,1976.0,1978.0,1974.0,1977.0,3137.0,3523.0,3504.0,3365.0,3483.0,3358.0,3186.0,3292.0,3271.0,3350.0,3029.0,3485.0,3472.0,3279.0,3449.0,3251.0,3444.0,3506.0,3409.0,83.561018334,0.019938877
1411.0,1958.0,2247.0,2021.0,2027.0,2030.0,2029.0,2029.0,2030.0,2031.0,2038.0,2043.0,2044.0,2042.0,2049.0,2054.0,2055.0,2055.0,2059.0,2061.0,2060.0,2065.0,2073.0,2070.0,2072.0,3136.0,3524.0,3504.0,3364.0,3482.0,3358.0,3187.0,3293.0,3270.0,3349.0,3029.0,3485.0,3472.0,3278.0,3450.0,3251.0,3445.0,3505.0,3409.0,83.581018046,0.019929857000000002
1410.0,1958.0,2246.0,2080.0,2073.0,2074.0,2079.0,2071.0,2068.0,2062.0,2061.0,2061.0,2059.0,2061.0,2066.0,2061.0,2056.0,2055.0,2052.0,2051.0,2045.0,2046.0,2048.0,2044.0,2044.0,3139.0,3524.0,3504.0,3364.0,3483.0,3358.0,3185.0,3294.0,3270.0,3349.0,3025.0,3484.0,3471.0,3277.0,3449.0,3249.0,3444.0,3506.0,3409.0,83.601018404,0.019940074000000002
1411.0,1961.0,2247.0,2014.0,2013.0,2018.0,2009.0,2002.0,2000.0,2003.0,2005.0,2000.0,2003.0,1995.0,1999.0,1997.0,2000.0,1996.0,1995.0,2000.0,1997.0,1992.0,1995.0,1990.0,1991.0,3138.0,3523.0,3504.0,3365.0,3483.0,3358.0,3186.0,3292.0,3270.0,3348.0,3026.0,3484.0,3470.0,3277.0,3449.0,3251.0,3444.0,3505.0,3409.0,83.621016613,0.019926837000000003
1410.0,1960.0,2247.0,2003.0,2003.0,1999.0,2002.0,1998.0,2000.0,1998.0,1997.0,1994.0,1997.0,1997.0,1991.0,1990.0,1994.0,1995.0,1993.0,1998.0,1996.0,1997.0,2001.0,1994.0,1997.0,3138.0,3523.0,3505.0,3365.0,3483.0,3357.0,3186.0,3293.0,3270.0,3348.0,3028.0,3484.0,3471.0,3278.0,3449.0,3251.0,3445.0,3505.0,3408.0,83.641017131,0.019949622
1411.0,1960.0,2248.0,1997.0,1996.0,1995.0,1993.0,1994.0,1999.0,1994.0,1996.0,1995.0,1997.0,1998.0,1998.0,2003.0,2009.0,2014.0,2013.0,2011.0,2010.0,2004.0,2008.0,2013.0,2011.0,3138.0,3524.0,3504.0,3366.0,3483.0,3358.0,3186.0,3293.0,3270.0,3348.0,3028.0,3484.0,3471.0,3277.0,3450.0,3251.0,3445.0,3505.0,3408.0,83.66101968,0.019945079
1411.0,1958.0,2247.0,2036.0,2034.0,2028.0,2026.0,2024.0,2029.0,2023.0,2021.0,2027.0,2025.0,2027.0,2034.0,2022.0,2015.0,2017.0,2015.0,2022.0,2027.0,2033.0,2032.0,2021.0,2022.0,3139.0,3524.0,3505.0,3365.0,3483.0,3358.0,3186.0,3293.0,3270.0,3348.0,3028.0,3484.0,3472.0,3278.0,3449.0,3250.0,3444.0,3505.0,3409.0,83.681019765,0.019930896
1410.0,1960.0,2247.0,2048.0,2052.0,2052.0,2052.0,2050.0,2054.0,2048.0,2051.0,2057.0,2055.0,2051.0,2054.0,2059.0,2059.0,2064.0,2066.0,2068.0,2062.0,2065.0,2068.0,2064.0,2061.0,3140.0,3523.0,3504.0,3365.0,3482.0,3358.0,3186.0,3294.0,3270.0,3349.0,3025.0,3483.0,3470.0,3275.0,3448.0,3248.0,3444.0,3505.0,3408.0,83.701019075,0.019934573
1410.0,1958.0,2246.0,2068.0,2071.0,2069.0,2073.0,2067.0,2067.0,2063.0,2066.0,2062.0,2057.0,2061.0,2065.0,2068.0,2066.0,2064.0,2071.0,2061.0,2056.0,2050.0,2049.0,2047.0,2047.0,3144.0,3525.0,3506.0,3367.0,3484.0,3360.0,3186.0,3294.0,3269.0,3348.0,3019.0,3481.0,3468.0,3272.0,3447.0,3246.0,3443.0,3505.0,3409.0,83.721016645,0.019930337000000003
1410.0,1959.0,2248.0,2021.0,2021.0,2018.0,2020.0,2019.0,2010.0,2003.0,1998.0,2003.0,2004.0,2011.0,2013.0,2004.0,1993.0,1985.0,1989.0,1999.0,1986.0,1975.0,1974.0,1974.0,1966.0,3145.0,3526.0,3505.0,3367.0,3484.0,3360.0,3186.0,3295.0,3269.0,3349.0,3019.0,3481.0,3470.0,3272.0,3448.0,3247.0,3443.0,3504.0,3409.0,83.741017575,0.019950337000000002
1410.0,1959.0,2249.0,1963.0,1959.0,1961.0,1963.0,1959.0,1953.0,1951.0,1950.0,1947.0,1951.0,1951.0,1950.0,1949.0,1949.0,1947.0,1939.0,1937.0,1942.0,1939.0,1941.0,1940.0,1937.0,3143.0,3524.0,3506.0,3367.0,3484.0,3360.0,3187.0,3293.0,3270.0,3348.0,3024.0,3483.0,3469.0,3275.0,3449.0,3249.0,3443.0,3506.0,3408.0,83.76101958,0.019946959
1410.0,1960.0,2250.0,1956.0,1955.0,1956.0,1964.0,1964.0,1969.0,1969.0,1969.0,1971.0,1978.0,1980.0,1983.0,1980.0,1978.0,1977.0,1982.0,1986.0,1990.0,1989.0,1991.0,1989.0,1995.0,3143.0,3524.0,3504.0,3367.0,3484.0,3360.0,3187.0,3293.0,3269.0,3349.0,3025.0,3482.0,3469.0,3276.0,3448.0,3249.0,3443.0,3505.0,3408.0,83.781023293,0.019938616000000003
