position 3_tdc_data,position 3_tac_data,position 3_pdc_data,position 3_pac_data_0,position 3_pac_data_1,position 3_pac_data_2,position 3_pac_data_3,position 3_pac_data_4,position 3_pac_data_5,position 3_pac_data_6,position 3_pac_data_7,position 3_pac_data_8,position 3_pac_data_9,position 3_pac_data_10,position 3_pac_data_11,position 3_pac_data_12,position 3_pac_data_13,position 3_pac_data_14,position 3_pac_data_15,position 3_pac_data_16,position 3_pac_data_17,position 3_pac_data_18,position 3_pac_data_19,position 3_pac_data_20,position 3_pac_data_21,position 3_elec_data_0,position 3_elec_data_1,position 3_elec_data_2,position 3_elec_data_3,position 3_elec_data_4,position 3_elec_data_5,position 3_elec_data_6,position 3_elec_data_7,position 3_elec_data_8,position 3_elec_data_9,position 3_elec_data_10,position 3_elec_data_11,position 3_elec_data_12,position 3_elec_data_13,position 3_elec_data_14,position 3_elec_data_15,position 3_elec_data_16,position 3_elec_data_17,position 3_elec_data_18,header_from_controller_start,frame_collection_from_header
1400.0,1992.0,2235.0,2139.0,2142.0,2141.0,2140.0,2141.0,2137.0,2137.0,2134.0,2129.0,2125.0,2124.0,2125.0,2121.0,2119.0,2115.0,2117.0,2115.0,2112.0,2109.0,2109.0,2106.0,2105.0,3114.0,3519.0,3498.0,3353.0,3477.0,3350.0,3182.0,3289.0,3271.0,3348.0,3038.0,3486.0,3473.0,3282.0,3450.0,3252.0,3443.0,3503.0,3405.0,66.840814155,0.019950901
1400.0,1989.0,2236.0,2045.0,2044.0,2045.0,2038.0,2038.0,2035.0,2034.0,2034.0,2035.0,2036.0,2036.0,2034.0,2031.0,2030.0,2031.0,2029.0,2028.0,2024.0,2026.0,2023.0,2017.0,2016.0,3118.0,3518.0,3498.0,3355.0,3477.0,3351.0,3182.0,3290.0,3270.0,3346.0,3033.0,3485.0,3472.0,3280.0,3449.0,3250.0,3443.0,3502.0,3405.0,66.860811531,0.019927014
1400.0,1986.0,2236.0,2009.0,2005.0,2005.0,2010.0,2009.0,2012.0,2011.0,2015.0,2009.0,2004.0,2012.0,2013.0,2013.0,2016.0,2015.0,2013.0,2016.0,2020.0,2022.0,2022.0,2019.0,2024.0,3119.0,3519.0,3498.0,3354.0,3478.0,3351.0,3182.0,3290.0,3271.0,3347.0,3033.0,3486.0,3472.0,3281.0,3449.0,3252.0,3443.0,3503.0,3405.0,66.880814152,0.019960367
1401.0,1988.0,2235.0,2015.0,2018.0,2016.0,2015.0,2013.0,2015.0,2015.0,2015.0,2020.0,2014.0,2011.0,2011.0,2011.0,2011.0,2011.0,2006.0,2004.0,2004.0,2006.0,2008.0,2002.0,2006.0,3119.0,3518.0,3499.0,3355.0,3478.0,3350.0,3182.0,3290.0,3270.0,3348.0,3033.0,3486.0,3471.0,3280.0,3449.0,3250.0,3442.0,3502.0,3406.0,66.900812853,0.019932596
1400.0,1984.0,2235.0,2032.0,2033.0,2035.0,2037.0,2043.0,2041.0,2040.0,2040.0,2041.0,2047.0,2048.0,2050.0,2053.0,2057.0,2058.0,2059.0,2060.0,2061.0,2061.0,2064.0,2061.0,2064.0,3120.0,3518.0,3499.0,3355.0,3478.0,3351.0,3182.0,3289.0,3270.0,3347.0,3034.0,3485.0,3472.0,3280.0,3448.0,3251.0,3443.0,3501.0,3404.0,66.920812672,0.019959141
1400.0,1984.0,2234.0,2087.0,2089.0,2089.0,2088.0,2089.0,2091.0,2086.0,2087.0,2090.0,2091.0,2093.0,2090.0,2093.0,2095.0,2097.0,2099.0,2098.0,2100.0,2100.0,2103.0,2103.0,2105.0,3116.0,3519.0,3497.0,3353.0,3477.0,3350.0,3183.0,3289.0,3270.0,3347.0,3036.0,3486.0,3473.0,3282.0,3449.0,3251.0,3443.0,3502.0,3405.0,66.940819474,0.01997457
1400.0,1982.0,2233.0,2089.0,2092.0,2090.0,2091.0,2091.0,2097.0,2093.0,2097.0,2098.0,2098.0,2099.0,2099.0,2098.0,2104.0,2103.0,2099.0,2102.0,2107.0,2102.0,2108.0,2108.0,2109.0,3110.0,3517.0,3497.0,3351.0,3476.0,3348.0,3182.0,3289.0,3271.0,3348.0,3038.0,3487.0,3473.0,3283.0,3449.0,3252.0,3444.0,3503.0,3405.0,66.960812774,0.019918786
1400.0,1980.0,2232.0,2082.0,2083.0,2083.0,2082.0,2081.0,2082.0,2080.0,2078.0,2081.0,2077.0,2074.0,2073.0,2070.0,2070.0,2069.0,2069.0,2066.0,2069.0,2070.0,2071.0,2064.0,2057.0,3106.0,3517.0,3496.0,3350.0,3476.0,3347.0,3182.0,3288.0,3272.0,3348.0,3041.0,3488.0,3474.0,3285.0,3450.0,3254.0,3444.0,3502.0,3405.0,66.980814747,0.019957927
1400.0,1978.0,2231.0,2051.0,2054.0,2054.0,2055.0,2057.0,2059.0,2060.0,2057.0,2058.0,2050.0,2053.0,2054.0,2052.0,2052.0,2053.0,2048.0,2043.0,2049.0,2049.0,2046.0,2041.0,2046.0,3103.0,3515.0,3495.0,3349.0,3475.0,3348.0,3181.0,3289.0,3272.0,3348.0,3041.0,3487.0,3474.0,3285.0,3451.0,3254.0,3443.0,3502.0,3405.0,67.000815244,0.019941799
1400.0,1975.0,2232.0,2043.0,2044.0,2043.0,2043.0,2046.0,2048.0,2050.0,2047.0,2048.0,2052.0,2051.0,2052.0,2048.0,2049.0,2053.0,2052.0,2055.0,2053.0,2055.0,2057.0,2058.0,2057.0,3111.0,3517.0,3497.0,3352.0,3477.0,3350.0,3181.0,3290.0,3270.0,3348.0,3030.0,3485.0,3471.0,3280.0,3448.0,3251.0,3443.0,3503.0,3405.0,67.020814285,0.019953946
1400.0,1976.0,2231.0,2052.0,2049.0,2046.0,2045.0,2041.0,2039.0,2040.0,2041.0,2037.0,2035.0,2035.0,2036.0,2038.0,2036.0,2035.0,2033.0,2031.0,2029.0,2024.0,2028.0,2028.0,2035.0,3121.0,3520.0,3500.0,3357.0,3479.0,3353.0,3181.0,3291.0,3270.0,3348.0,3019.0,3482.0,3468.0,3274.0,3446.0,3247.0,3443.0,3502.0,3405.0,67.040817557,0.019966473000000002
1400.0,1976.0,2231.0,2008.0,2006.0,2002.0,2004.0,2008.0,2009.0,2007.0,2006.0,2005.0,2004.0,2004.0,2001.0,2006.0,2003.0,2003.0,2004.0,2004.0,2003.0,2005.0,2010.0,2009.0,2010.0,3126.0,3522.0,3501.0,3358.0,3479.0,3352.0,3181.0,3291.0,3269.0,3347.0,3015.0,3481.0,3467.0,3272.0,3446.0,3246.0,3443.0,3502.0,3405.0,67.060815807,0.019925004
1401.0,1973.0,2231.0,2030.0,2027.0,2026.0,2028.0,2025.0,2028.0,2027.0,2029.0,2032.0,2034.0,2035.0,2040.0,2038.0,2037.0,2039.0,2041.0,2038.0,2041.0,2046.0,2050.0,2049.0,2048.0,3124.0,3521.0,3500.0,3358.0,3479.0,3353.0,3182.0,3291.0,3269.0,3347.0,3018.0,3483.0,3469.0,3275.0,3447.0,3248.0,3444.0,3502.0,3405.0,67.080815844,0.01993292
1400.0,1970.0,2231.0,2043.0,2047.0,2044.0,2042.0,2043.0,2046.0,2045.0,2047.0,2048.0,2048.0,2049.0,2047.0,2052.0,2055.0,2057.0,2058.0,2054.0,2055.0,2052.0,2060.0,2051.0,2055.0,3121.0,3521.0,3500.0,3357.0,3478.0,3352.0,3182.0,3290.0,3269.0,3347.0,3020.0,3483.0,3469.0,3274.0,3446.0,3248.0,3443.0,3502.0,3404.0,67.100814338,0.019940986
1401.0,1969.0,2229.0,2091.0,2096.0,2096.0,2096.0,2098.0,2097.0,2097.0,2100.0,2099.0,2097.0,2095.0,2100.0,2096.0,2092.0,2094.0,2095.0,2092.0,2093.0,2094.0,2090.0,2090.0,2093.0,3125.0,3520.0,3500.0,3359.0,3478.0,3353.0,3181.0,3291.0,3268.0,3347.0,3011.0,3481.0,3467.0,3271.0,3445.0,3245.0,3442.0,3502.0,3406.0,67.120814854,0.019958720000000003
1401.0,1968.0,2229.0,2044.0,2038.0,2041.0,2038.0,2036.0,2035.0,2035.0,2034.0,2032.0,2028.0,2028.0,2026.0,2027.0,2023.0,2021.0,2019.0,2021.0,2019.0,2015.0,2012.0,2004.0,2003.0,3134.0,3523.0,3502.0,3362.0,3480.0,3355.0,3182.0,3293.0,3267.0,3347.0,3000.0,3478.0,3465.0,3264.0,3442.0,3241.0,3443.0,3502.0,3405.0,67.140822021,0.019967282000000003
1401.0,1968.0,2230.0,2003.0,2004.0,2001.0,2002.0,2001.0,2001.0,2003.0,2008.0,2008.0,2007.0,2007.0,2010.0,2012.0,2012.0,2011.0,2010.0,2012.0,2012.0,2012.0,2017.0,2014.0,2012.0,3138.0,3524.0,3502.0,3364.0,3481.0,3357.0,3181.0,3292.0,3266.0,3347.0,2997.0,3477.0,3463.0,3264.0,3443.0,3241.0,3443.0,3501.0,3405.0,67.160816351,0.01991715
1401.0,1966.0,2231.0,1997.0,1998.0,1990.0,1990.0,1988.0,1989.0,1985.0,1988.0,1985.0,1991.0,1990.0,1983.0,1985.0,1986.0,1981.0,1986.0,1985.0,1982.0,1978.0,1981.0,1978.0,1978.0,3134.0,3524.0,3502.0,3362.0,3480.0,3355.0,3180.0,3292.0,3266.0,3347.0,3004.0,3479.0,3466.0,3268.0,3444.0,3245.0,3443.0,3502.0,3405.0,67.180820197,0.019931053
1401.0,1968.0,2232.0,1984.0,1979.0,1982.0,1980.0,1977.0,1978.0,1979.0,1985.0,1982.0,1983.0,1985.0,1987.0,1986.0,1987.0,1989.0,1993.0,1992.0,1994.0,1994.0,1998.0,1998.0,1996.0,3126.0,3522.0,3501.0,3359.0,3480.0,3354.0,3181.0,3291.0,3269.0,3348.0,3014.0,3483.0,3469.0,3274.0,3446.0,3247.0,3443.0,3502.0,3406.0,67.200815476,0.019926451
1401.0,1968.0,2232.0,2016.0,2017.0,2016.0,2017.0,2016.0,2018.0,2016.0,2020.0,2023.0,2025.0,2025.0,2025.0,2028.0,2030.0,2032.0,2029.0,2033.0,2033.0,2033.0,2032.0,2034.0,2033.0,3120.0,3520.0,3500.0,3357.0,3478.0,3353.0,3181.0,3291.0,3270.0,3347.0,3022.0,3483.0,3470.0,3278.0,3447.0,3250.0,3443.0,3503.0,3406.0,67.220818233,0.019966246
1400.0,1966.0,2231.0,2039.0,2041.0,2038.0,2040.0,2043.0,2047.0,2045.0,2043.0,2050.0,2046.0,2045.0,2047.0,2045.0,2046.0,2044.0,2044.0,2047.0,2045.0,2046.0,2052.0,2045.0,2044.0,3121.0,3520.0,3501.0,3357.0,3478.0,3353.0,3181.0,3290.0,3269.0,3348.0,3019.0,3483.0,3469.0,3275.0,3446.0,3248.0,3444.0,3502.0,3406.0,67.240818549,0.019952643000000003
1400.0,1967.0,2233.0,2007.0,2003.0,2000.0,2003.0,2002.0,2000.0,1999.0,1992.0,1990.0,1991.0,1985.0,1976.0,1974.0,1973.0,1972.0,1967.0,1965.0,1964.0,1960.0,1963.0,1961.0,1957.0,3127.0,3521.0,3501.0,3359.0,3479.0,3354.0,3181.0,3291.0,3268.0,3347.0,3013.0,3481.0,3467.0,3272.0,3445.0,3245.0,3444.0,3503.0,3405.0,67.260819,0.019938696000000002
1401.0,1966.0,2235.0,1899.0,1899.0,1897.0,1894.0,1891.0,1892.0,1890.0,1886.0,1883.0,1881.0,1883.0,1879.0,1881.0,1879.0,1873.0,1875.0,1877.0,1877.0,1873.0,1877.0,1875.0,1870.0,3131.0,3523.0,3501.0,3361.0,3480.0,3355.0,3181.0,3291.0,3268.0,3347.0,3013.0,3481.0,3467.0,3271.0,3445.0,3245.0,3443.0,3502.0,3405.0,67.280818546,0.019924754000000003
1400.0,1965.0,2239.0,1851.0,1849.0,1852.0,1855.0,1855.0,1853.0,1853.0,1853.0,1851.0,1850.0,1849.0,1848.0,1852.0,1853.0,1856.0,1864.0,1863.0,1869.0,1873.0,1875.0,1869.0,1874.0,3130.0,3522.0,3500.0,3359.0,3480.0,3354.0,3181.0,3291.0,3268.0,3348.0,3023.0,3483.0,3469.0,3277.0,3448.0,3249.0,3443.0,3503.0,3405.0,67.300816622,0.019936832
1400.0,1965.0,2240.0,1922.0,1927.0,1927.0,1930.0,1929.0,1931.0,1935.0,1934.0,1937.0,1938.0,1942.0,1947.0,1949.0,1950.0,1953.0,1958.0,1961.0,1965.0,1968.0,1978.0,1977.0,1982.0,3123.0,3520.0,3500.0,3357.0,3479.0,3353.0,3181.0,3290.0,3269.0,3347.0,3034.0,3486.0,3472.0,3282.0,3449.0,3253.0,3443.0,3503.0,3406.0,67.320817061,0.019954148
1401.0,1964.0,2239.0,2026.0,2030.0,2034.0,2035.0,2041.0,2041.0,2047.0,2048.0,2048.0,2055.0,2055.0,2059.0,2062.0,2058.0,2064.0,2065.0,2067.0,2065.0,2071.0,2075.0,2072.0,2075.0,3120.0,3519.0,3499.0,3356.0,3477.0,3352.0,3181.0,3289.0,3270.0,3348.0,3035.0,3486.0,3472.0,3282.0,3449.0,3253.0,3444.0,3503.0,3405.0,67.340819393,0.019963251
1401.0,1965.0,2238.0,2084.0,2082.0,2078.0,2081.0,2081.0,2079.0,2077.0,2078.0,2079.0,2077.0,2076.0,2073.0,2074.0,2074.0,2076.0,2068.0,2068.0,2066.0,2062.0,2061.0,2058.0,2050.0,3121.0,3519.0,3500.0,3356.0,3478.0,3352.0,3182.0,3290.0,3271.0,3348.0,3032.0,3485.0,3472.0,3280.0,3449.0,3251.0,3443.0,3503.0,3407.0,67.360820008,0.019938171
1401.0,1961.0,2238.0,2021.0,2024.0,2023.0,2020.0,2016.0,2014.0,2009.0,2007.0,2011.0,2011.0,2012.0,2014.0,2014.0,2016.0,2015.0,2014.0,2015.0,2017.0,2015.0,2020.0,2018.0,2021.0,3123.0,3520.0,3500.0,3357.0,3478.0,3352.0,3182.0,3290.0,3270.0,3346.0,3030.0,3485.0,3471.0,3279.0,3448.0,3250.0,3443.0,3502.0,3405.0,67.380819859,0.019934514
1401.0,1959.0,2237.0,2042.0,2045.0,2048.0,2050.0,2049.0,2052.0,2058.0,2056.0,2053.0,2056.0,2058.0,2063.0,2064.0,2066.0,2068.0,2068.0,2075.0,2079.0,2077.0,2079.0,2080.0,2085.0,3119.0,3520.0,3499.0,3355.0,3477.0,3351.0,3183.0,3290.0,3270.0,3347.0,3036.0,3486.0,3471.0,3282.0,3449.0,3251.0,3442.0,3502.0,3405.0,67.400817931,0.019929699000000002
1401.0,1957.0,2235.0,2105.0,2102.0,2101.0,2101.0,2101.0,2100.0,2101.0,2099.0,2101.0,2099.0,2100.0,2101.0,2094.0,2096.0,2095.0,2094.0,2098.0,2097.0,2097.0,2100.0,2098.0,2097.0,3113.0,3517.0,3498.0,3351.0,3476.0,3348.0,3183.0,3288.0,3271.0,3347.0,3040.0,3487.0,3474.0,3283.0,3449.0,3252.0,3443.0,3502.0,3405.0,67.420818163,0.019959619
1401.0,1958.0,2234.0,2084.0,2085.0,2083.0,2084.0,2081.0,2076.0,2072.0,2074.0,2074.0,2073.0,2072.0,2069.0,2073.0,2078.0,2075.0,2074.0,2075.0,2076.0,2076.0,2083.0,2076.0,2070.0,3109.0,3516.0,3497.0,3350.0,3475.0,3347.0,3183.0,3288.0,3271.0,3348.0,3044.0,3487.0,3474.0,3284.0,3450.0,3254.0,3443.0,3502.0,3405.0,67.440820949,0.019963941000000002
1401.0,1957.0,2234.0,2049.0,2053.0,2053.0,2054.0,2051.0,2052.0,2054.0,2054.0,2055.0,2054.0,2057.0,2053.0,2053.0,2053.0,2048.0,2052.0,2049.0,2050.0,2047.0,2050.0,2043.0,2046.0,3108.0,3515.0,3496.0,3349.0,3475.0,3347.0,3183.0,3288.0,3272.0,3348.0,3043.0,3487.0,3474.0,3284.0,3450.0,3253.0,3443.0,3503.0,3405.0,67.460820671,0.019938516
1401.0,1958.0,2235.0,2030.0,2031.0,2031.0,2030.0,2029.0,2032.0,2034.0,2028.0,2027.0,2026.0,2025.0,2024.0,2027.0,2025.0,2027.0,2023.0,2016.0,2016.0,2020.0,2028.0,2024.0,2025.0,3110.0,3517.0,3496.0,3350.0,3476.0,3348.0,3184.0,3289.0,3271.0,3349.0,3040.0,3486.0,3472.0,3282.0,3449.0,3251.0,3443.0,3502.0,3405.0,67.480820956,0.019933749
1401.0,1956.0,2233.0,2052.0,2055.0,2055.0,2056.0,2062.0,2060.0,2061.0,2063.0,2062.0,2063.0,2067.0,2072.0,2067.0,2070.0,2072.0,2074.0,2078.0,2075.0,2081.0,2083.0,2084.0,2084.0,3112.0,3517.0,3497.0,3350.0,3476.0,3349.0,3183.0,3289.0,3271.0,3347.0,3038.0,3487.0,3471.0,3281.0,3448.0,3250.0,3443.0,3502.0,3404.0,67.500818977,0.019954603
1400.0,1955.0,2232.0,2106.0,2103.0,2106.0,2108.0,2103.0,2099.0,2099.0,2103.0,2102.0,2103.0,2097.0,2093.0,2091.0,2089.0,2094.0,2098.0,2091.0,2091.0,2087.0,2082.0,2077.0,2079.0,3111.0,3517.0,3497.0,3350.0,3476.0,3348.0,3183.0,3288.0,3271.0,3347.0,3036.0,3486.0,3472.0,3280.0,3449.0,3250.0,3443.0,3502.0,3405.0,67.520821501,0.019963097000000003
1402.0,1954.0,2232.0,2071.0,2072.0,2069.0,2070.0,2071.0,2066.0,2063.0,2065.0,2062.0,2063.0,2064.0,2060.0,2058.0,2051.0,2060.0,2065.0,2061.0,2061.0,2060.0,2066.0,2058.0,2059.0,3112.0,3516.0,3497.0,3352.0,3478.0,3348.0,3182.0,3289.0,3271.0,3347.0,3034.0,3485.0,3471.0,3280.0,3449.0,3251.0,3444.0,3502.0,3405.0,67.540822047,0.019951216
1401.0,1954.0,2231.0,2041.0,2046.0,2047.0,2041.0,2037.0,2037.0,2033.0,2035.0,2032.0,2031.0,2027.0,2024.0,2028.0,2031.0,2031.0,2028.0,2035.0,2036.0,2038.0,2041.0,2043.0,2043.0,3113.0,3518.0,3497.0,3352.0,3476.0,3349.0,3182.0,3290.0,3270.0,3348.0,3030.0,3485.0,3471.0,3278.0,3447.0,3250.0,3442.0,3501.0,3405.0,67.560821879,0.01993841
1401.0,1954.0,2232.0,2022.0,2017.0,2019.0,2016.0,2014.0,2012.0,2010.0,2016.0,2013.0,2012.0,2007.0,2005.0,1998.0,2000.0,2005.0,2004.0,2006.0,2007.0,2009.0,2008.0,2007.0,1998.0,3121.0,3519.0,3499.0,3355.0,3477.0,3351.0,3183.0,3291.0,3269.0,3347.0,3021.0,3482.0,3469.0,3272.0,3446.0,3245.0,3443.0,3502.0,3405.0,67.58082244,0.019938971
1401.0,1955.0,2233.0,1991.0,1995.0,1997.0,1994.0,1987.0,1983.0,1984.0,1981.0,1980.0,1974.0,1974.0,1969.0,1969.0,1971.0,1969.0,1971.0,1971.0,1966.0,1965.0,1969.0,1971.0,1969.0,3132.0,3522.0,3501.0,3360.0,3480.0,3354.0,3183.0,3291.0,3267.0,3347.0,3011.0,3479.0,3466.0,3267.0,3443.0,3242.0,3442.0,3501.0,3403.0,67.600820399,0.019943309000000003
1401.0,1954.0,2235.0,1925.0,1918.0,1916.0,1914.0,1919.0,1921.0,1918.0,1919.0,1921.0,1922.0,1920.0,1918.0,1920.0,1918.0,1922.0,1918.0,1916.0,1919.0,1920.0,1923.0,1923.0,1922.0,3140.0,3523.0,3503.0,3364.0,3481.0,3356.0,3183.0,3292.0,3266.0,3347.0,3004.0,3477.0,3464.0,3264.0,3442.0,3239.0,3442.0,3501.0,3404.0,67.620821499,0.019960642
1401.0,1953.0,2237.0,1934.0,1929.0,1929.0,1928.0,1930.0,1930.0,1929.0,1930.0,1928.0,1928.0,1925.0,1921.0,1929.0,1929.0,1923.0,1926.0,1926.0,1928.0,1928.0,1937.0,1932.0,1926.0,3142.0,3524.0,3503.0,3365.0,3481.0,3357.0,3182.0,3293.0,3267.0,3347.0,3005.0,3477.0,3465.0,3266.0,3443.0,3240.0,3442.0,3502.0,3405.0,67.640828106,0.019966502
1401.0,1953.0,2238.0,1965.0,1966.0,1966.0,1962.0,1969.0,1971.0,1968.0,1968.0,1970.0,1973.0,1978.0,1974.0,1979.0,1979.0,1977.0,1978.0,1975.0,1976.0,1975.0,1980.0,1977.0,1977.0,3143.0,3523.0,3503.0,3364.0,3482.0,3357.0,3183.0,3292.0,3267.0,3347.0,3009.0,3478.0,3464.0,3266.0,3443.0,3241.0,3442.0,3502.0,3405.0,67.660825042,0.019921507
1401.0,1952.0,2238.0,1988.0,1985.0,1990.0,1988.0,1986.0,1985.0,1985.0,1985.0,1982.0,1982.0,1989.0,1990.0,1985.0,1984.0,1981.0,1980.0,1983.0,1985.0,1982.0,1987.0,1985.0,1988.0,3140.0,3522.0,3503.0,3364.0,3480.0,3356.0,3183.0,3292.0,3268.0,3347.0,3013.0,3479.0,3466.0,3268.0,3444.0,3243.0,3442.0,3502.0,3405.0,67.680821819,0.019926367
1401.0,1949.0,2239.0,2008.0,2010.0,2014.0,2014.0,2016.0,2022.0,2022.0,2020.0,2018.0,2019.0,2017.0,2020.0,2023.0,2025.0,2028.0,2024.0,2022.0,2024.0,2025.0,2028.0,2023.0,2025.0,3138.0,3523.0,3501.0,3363.0,3481.0,3355.0,3183.0,3291.0,3268.0,3347.0,3015.0,3480.0,3467.0,3270.0,3444.0,3242.0,3443.0,3502.0,3404.0,67.700821533,0.019944470000000002
1401.0,1951.0,2240.0,2006.0,2007.0,2006.0,2001.0,2007.0,1999.0,2000.0,2008.0,2004.0,2006.0,2002.0,2000.0,2002.0,2002.0,2000.0,1990.0,1991.0,1990.0,1990.0,1995.0,1987.0,1988.0,3141.0,3523.0,3502.0,3364.0,3481.0,3356.0,3183.0,3293.0,3267.0,3346.0,3011.0,3478.0,3465.0,3267.0,3444.0,3241.0,3441.0,3502.0,3404.0,67.720823585,0.019963369
1401.0,1951.0,2240.0,1977.0,1979.0,1981.0,1983.0,1985.0,1980.0,1979.0,1983.0,1985.0,1983.0,1984.0,1989.0,1991.0,1992.0,1993.0,1991.0,1995.0,1990.0,1998.0,2005.0,1998.0,1995.0,3143.0,3523.0,3503.0,3365.0,3481.0,3357.0,3183.0,3292.0,3267.0,3346.0,3011.0,3478.0,3465.0,3268.0,3443.0,3242.0,3441.0,3502.0,3404.0,67.740825999,0.019930449000000003
1401.0,1950.0,2239.0,2034.0,2034.0,2034.0,2038.0,2038.0,2038.0,2039.0,2041.0,2041.0,2049.0,2043.0,2042.0,2049.0,2052.0,2058.0,2056.0,2055.0,2061.0,2062.0,2065.0,2065.0,2064.0,3140.0,3524.0,3502.0,3364.0,3480.0,3356.0,3182.0,3292.0,3267.0,3347.0,3016.0,3481.0,3467.0,3270.0,3445.0,3244.0,3443.0,3502.0,3405.0,67.760826311,0.019935114
1401.0,1949.0,2237.0,2109.0,2114.0,2117.0,2119.0,2120.0,2125.0,2122.0,2130.0,2135.0,2135.0,2138.0,2138.0,2137.0,2143.0,2142.0,2144.0,2145.0,2144.0,2143.0,2153.0,2154.0,2156.0,3132.0,3521.0,3501.0,3360.0,3480.0,3354.0,3182.0,3291.0,3269.0,3347.0,3021.0,3482.0,3468.0,3274.0,3446.0,3247.0,3442.0,3503.0,3405.0,67.780824464,0.019931991
1402.0,1950.0,2234.0,2167.0,2166.0,2163.0,2160.0,2162.0,2161.0,2163.0,2160.0,2162.0,2156.0,2155.0,2159.0,2159.0,2158.0,2159.0,2159.0,2159.0,2160.0,2159.0,2161.0,2160.0,2160.0,3126.0,3521.0,3501.0,3358.0,3478.0,3353.0,3182.0,3291.0,3269.0,3347.0,3022.0,3483.0,3469.0,3275.0,3446.0,3247.0,3442.0,3503.0,3405.0,67.800822907,0.019947006
1402.0,1950.0,2232.0,2140.0,2133.0,2138.0,2139.0,2141.0,2137.0,2139.0,2134.0,2135.0,2131.0,2128.0,2128.0,2126.0,2128.0,2126.0,2125.0,2127.0,2123.0,2121.0,2120.0,2117.0,2117.0,3124.0,3520.0,3500.0,3358.0,3478.0,3352.0,3182.0,3291.0,3269.0,3347.0,3019.0,3482.0,3469.0,3273.0,3446.0,3246.0,3444.0,3502.0,3404.0,67.820825016,0.019963739
1402.0,1949.0,2232.0,2097.0,2093.0,2089.0,2087.0,2086.0,2081.0,2077.0,2075.0,2070.0,2067.0,2068.0,2063.0,2068.0,2068.0,2065.0,2061.0,2061.0,2062.0,2063.0,2067.0,2060.0,2058.0,3127.0,3520.0,3501.0,3359.0,3479.0,3353.0,3182.0,3291.0,3268.0,3347.0,3013.0,3481.0,3467.0,3270.0,3445.0,3244.0,3443.0,3502.0,3405.0,67.840826554,0.01993895
1401.0,1946.0,2232.0,2026.0,2027.0,2025.0,2026.0,2025.0,2024.0,2022.0,2027.0,2022.0,2023.0,2030.0,2023.0,2029.0,2025.0,2026.0,2030.0,2027.0,2028.0,2025.0,2027.0,2029.0,2028.0,3130.0,3522.0,3501.0,3360.0,3479.0,3354.0,3181.0,3292.0,3267.0,3347.0,3010.0,3480.0,3466.0,3269.0,3445.0,3244.0,3443.0,3502.0,3405.0,67.860827341,0.019944898000000003
1401.0,1946.0,2232.0,2018.0,2022.0,2023.0,2026.0,2023.0,2020.0,2020.0,2021.0,2015.0,2019.0,2014.0,2018.0,2019.0,2019.0,2012.0,2013.0,2018.0,2015.0,2014.0,2017.0,2015.0,2018.0,3130.0,3522.0,3501.0,3360.0,3480.0,3354.0,3181.0,3291.0,3268.0,3348.0,3012.0,3479.0,3466.0,3270.0,3445.0,3245.0,3443.0,3502.0,3405.0,67.880825312,0.019927812
1401.0,1945.0,2232.0,2022.0,2023.0,2027.0,2023.0,2029.0,2031.0,2031.0,2035.0,2037.0,2034.0,2034.0,2036.0,2032.0,2033.0,2041.0,2035.0,2037.0,2037.0,2043.0,2043.0,2037.0,2034.0,3127.0,3521.0,3501.0,3359.0,3479.0,3353.0,3182.0,3291.0,3268.0,3347.0,3016.0,3482.0,3467.0,3272.0,3444.0,3245.0,3442.0,3501.0,3405.0,67.900823731,0.01994959
1402.0,1945.0,2232.0,2041.0,2045.0,2042.0,2035.0,2038.0,2040.0,2036.0,2032.0,2034.0,2033.0,2033.0,2037.0,2038.0,2042.0,2044.0,2041.0,2040.0,2042.0,2035.0,2042.0,2036.0,2039.0,3127.0,3521.0,3500.0,3359.0,3479.0,3352.0,3182.0,3291.0,3268.0,3347.0,3014.0,3480.0,3468.0,3270.0,3444.0,3244.0,3442.0,3503.0,3404.0,67.920824202,0.019965323
1401.0,1945.0,2232.0,1999.0,2002.0,2004.0,2001.0,1997.0,2002.0,1997.0,1999.0,2000.0,1997.0,1995.0,1995.0,1996.0,1998.0,2000.0,1992.0,1992.0,1995.0,1997.0,1996.0,1989.0,1992.0,3130.0,3521.0,3501.0,3360.0,3480.0,3353.0,3181.0,3292.0,3267.0,3347.0,3010.0,3481.0,3467.0,3269.0,3445.0,3243.0,3442.0,3500.0,3404.0,67.940826481,0.019944246000000002
1401.0,1947.0,2234.0,1977.0,1979.0,1979.0,1979.0,1977.0,1976.0,1980.0,1978.0,1982.0,1979.0,1974.0,1968.0,1975.0,1982.0,1981.0,1974.0,1976.0,1977.0,1980.0,1982.0,1982.0,1977.0,3134.0,3521.0,3501.0,3361.0,3480.0,3353.0,3183.0,3291.0,3267.0,3347.0,3010.0,3479.0,3465.0,3269.0,3444.0,3243.0,3442.0,3502.0,3405.0,67.960826702,0.019944720000000003
1402.0,1947.0,2234.0,1979.0,1975.0,1973.0,1970.0,1971.0,1975.0,1975.0,1979.0,1976.0,1981.0,1985.0,1985.0,1985.0,1980.0,1987.0,1986.0,1988.0,1986.0,1986.0,1985.0,1987.0,1993.0,3131.0,3521.0,3501.0,3359.0,3480.0,3354.0,3182.0,3291.0,3268.0,3347.0,3016.0,3481.0,3467.0,3271.0,3445.0,3245.0,3442.0,3502.0,3405.0,67.980825332,0.019932856000000002
1402.0,1949.0,2235.0,2002.0,2004.0,2003.0,1999.0,2005.0,1999.0,2001.0,2000.0,1999.0,2004.0,1999.0,2005.0,2003.0,2000.0,2000.0,2000.0,1997.0,2006.0,1997.0,1999.0,1995.0,1995.0,3125.0,3520.0,3500.0,3356.0,3478.0,3351.0,3183.0,3291.0,3270.0,3347.0,3025.0,3483.0,3469.0,3275.0,3446.0,3248.0,3443.0,3502.0,3405.0,68.000824951,0.019953879
1401.0,1948.0,2235.0,1991.0,1989.0,1991.0,1993.0,1993.0,1994.0,1997.0,2002.0,1998.0,2003.0,2003.0,2002.0,2001.0,2009.0,2011.0,2012.0,2008.0,2016.0,2014.0,2018.0,2017.0,2016.0,3121.0,3519.0,3498.0,3356.0,3478.0,3350.0,3182.0,3290.0,3269.0,3347.0,3028.0,3485.0,3470.0,3277.0,3446.0,3249.0,3443.0,3502.0,3405.0,68.020825774,0.019966002
1402.0,1947.0,2235.0,2029.0,2026.0,2025.0,2024.0,2027.0,2023.0,2021.0,2021.0,2020.0,2027.0,2026.0,2027.0,2027.0,2026.0,2027.0,2029.0,2029.0,2028.0,2027.0,2025.0,2021.0,2023.0,3122.0,3519.0,3499.0,3355.0,3478.0,3351.0,3182.0,3291.0,3270.0,3348.0,3027.0,3483.0,3470.0,3276.0,3448.0,3248.0,3443.0,3502.0,3405.0,68.040833037,0.019941693
1402.0,1946.0,2235.0,2017.0,2023.0,2030.0,2020.0,2018.0,2019.0,2017.0,2012.0,2012.0,2008.0,2011.0,2009.0,2012.0,2014.0,2015.0,2015.0,2021.0,2018.0,2017.0,2023.0,2016.0,2017.0,3122.0,3520.0,3499.0,3355.0,3478.0,3351.0,3183.0,3291.0,3270.0,3346.0,3027.0,3483.0,3470.0,3276.0,3446.0,3248.0,3443.0,3503.0,3405.0,68.060829884,0.019925328000000003
1401.0,1945.0,2234.0,2049.0,2050.0,2054.0,2056.0,2055.0,2058.0,2061.0,2064.0,2062.0,2070.0,2070.0,2072.0,2075.0,2079.0,2076.0,2079.0,2078.0,2077.0,2081.0,2089.0,2091.0,2091.0,3121.0,3519.0,3499.0,3355.0,3478.0,3350.0,3183.0,3290.0,3270.0,3346.0,3029.0,3483.0,3470.0,3277.0,3447.0,3249.0,3443.0,3502.0,3404.0,68.080830924,0.019931184
1402.0,1943.0,2233.0,2086.0,2081.0,2083.0,2085.0,2085.0,2083.0,2083.0,2082.0,2080.0,2080.0,2077.0,2073.0,2077.0,2070.0,2072.0,2069.0,2072.0,2068.0,2068.0,2066.0,2062.0,2056.0,3121.0,3519.0,3499.0,3355.0,3478.0,3350.0,3183.0,3290.0,3270.0,3347.0,3025.0,3483.0,3469.0,3275.0,3446.0,3247.0,3443.0,3502.0,3404.0,68.100826866,0.019921919
1402.0,1942.0,2233.0,2049.0,2044.0,2046.0,2049.0,2050.0,2048.0,2043.0,2045.0,2046.0,2043.0,2043.0,2036.0,2033.0,2027.0,2030.0,2031.0,2034.0,2036.0,2038.0,2038.0,2034.0,2043.0,3123.0,3520.0,3500.0,3357.0,3477.0,3352.0,3183.0,3290.0,3269.0,3348.0,3023.0,3482.0,3468.0,3273.0,3445.0,3246.0,3443.0,3502.0,3405.0,68.120827724,0.019966747
1402.0,1943.0,2232.0,2052.0,2056.0,2060.0,2062.0,2056.0,2060.0,2058.0,2057.0,2065.0,2066.0,2062.0,2060.0,2059.0,2055.0,2063.0,2061.0,2061.0,2061.0,2060.0,2061.0,2059.0,2061.0,3122.0,3520.0,3498.0,3354.0,3478.0,3352.0,3182.0,3290.0,3269.0,3347.0,3025.0,3483.0,3469.0,3275.0,3446.0,3248.0,3442.0,3501.0,3404.0,68.140827487,0.019937114000000002
1402.0,1943.0,2232.0,2068.0,2071.0,2070.0,2064.0,2064.0,2073.0,2067.0,2063.0,2074.0,2074.0,2070.0,2068.0,2075.0,2074.0,2075.0,2080.0,2074.0,2078.0,2079.0,2079.0,2076.0,2073.0,3119.0,3518.0,3499.0,3355.0,3477.0,3350.0,3182.0,3290.0,3270.0,3348.0,3024.0,3483.0,3470.0,3276.0,3447.0,3247.0,3444.0,3502.0,3405.0,68.160831012,0.019976676000000002
1402.0,1943.0,2232.0,2047.0,2042.0,2042.0,2042.0,2038.0,2042.0,2036.0,2036.0,2035.0,2028.0,2026.0,2015.0,2015.0,2015.0,2008.0,2013.0,2005.0,1998.0,1995.0,1996.0,1999.0,1998.0,3119.0,3520.0,3499.0,3354.0,3477.0,3350.0,3183.0,3291.0,3269.0,3347.0,3024.0,3483.0,3469.0,3275.0,3446.0,3248.0,3442.0,3502.0,3404.0,68.180828702,0.01992945
1402.0,1944.0,2234.0,1960.0,1949.0,1952.0,1951.0,1952.0,1953.0,1946.0,1946.0,1952.0,1951.0,1950.0,1945.0,1949.0,1946.0,1938.0,1942.0,1937.0,1936.0,1939.0,1944.0,1940.0,1939.0,3123.0,3520.0,3499.0,3356.0,3478.0,3351.0,3183.0,3290.0,3269.0,3347.0,3023.0,3483.0,3468.0,3275.0,3446.0,3247.0,3443.0,3501.0,3405.0,68.200828303,0.019950642
1403.0,1945.0,2236.0,1913.0,1916.0,1920.0,1919.0,1910.0,1910.0,1912.0,1916.0,1920.0,1916.0,1909.0,1908.0,1906.0,1910.0,1914.0,1911.0,1911.0,1912.0,1911.0,1912.0,1913.0,1915.0,3126.0,3520.0,3500.0,3357.0,3479.0,3352.0,3183.0,3291.0,3268.0,3348.0,3024.0,3481.0,3469.0,3275.0,3446.0,3247.0,3443.0,3501.0,3405.0,68.220829139,0.019963274
1402.0,1942.0,2238.0,1907.0,1907.0,1913.0,1911.0,1908.0,1913.0,1911.0,1918.0,1914.0,1917.0,1916.0,1917.0,1918.0,1920.0,1915.0,1914.0,1913.0,1915.0,1917.0,1919.0,1913.0,1917.0,3126.0,3519.0,3499.0,3357.0,3479.0,3352.0,3183.0,3291.0,3269.0,3348.0,3029.0,3483.0,3469.0,3275.0,3448.0,3249.0,3442.0,3503.0,3405.0,68.240828233,0.019935286
1403.0,1945.0,2240.0,1947.0,1953.0,1953.0,1952.0,1951.0,1956.0,1959.0,1957.0,1955.0,1955.0,1957.0,1962.0,1961.0,1958.0,1965.0,1967.0,1966.0,1965.0,1965.0,1971.0,1965.0,1971.0,3124.0,3520.0,3499.0,3355.0,3478.0,3351.0,3183.0,3290.0,3270.0,3347.0,3032.0,3484.0,3470.0,3278.0,3448.0,3250.0,3442.0,3503.0,3405.0,68.26083554,0.019976248000000002
1402.0,1943.0,2240.0,1994.0,1997.0,1999.0,2001.0,2003.0,2001.0,1997.0,2004.0,2003.0,2006.0,2002.0,2003.0,2006.0,2001.0,2000.0,2005.0,2000.0,2004.0,2006.0,2008.0,2004.0,2010.0,3123.0,3519.0,3498.0,3355.0,3479.0,3351.0,3183.0,3289.0,3270.0,3347.0,3035.0,3485.0,3470.0,3279.0,3448.0,3249.0,3441.0,3502.0,3406.0,68.280831341,0.019917195000000002
1403.0,1945.0,2240.0,2009.0,2009.0,2010.0,2015.0,2021.0,2017.0,2016.0,2018.0,2016.0,2019.0,2023.0,2023.0,2019.0,2018.0,2019.0,2024.0,2020.0,2022.0,2024.0,2026.0,2023.0,2024.0,3126.0,3519.0,3498.0,3357.0,3478.0,3351.0,3183.0,3290.0,3269.0,3348.0,3029.0,3484.0,3469.0,3277.0,3446.0,3248.0,3443.0,3502.0,3405.0,68.300831173,0.019941086
1402.0,1944.0,2241.0,2021.0,2020.0,2018.0,2021.0,2022.0,2021.0,2020.0,2019.0,2021.0,2020.0,2015.0,2018.0,2019.0,2018.0,2018.0,2014.0,2011.0,2010.0,2010.0,2011.0,2013.0,2010.0,3128.0,3520.0,3501.0,3359.0,3479.0,3353.0,3183.0,3290.0,3269.0,3346.0,3029.0,3483.0,3470.0,3276.0,3447.0,3250.0,3442.0,3502.0,3405.0,68.320831559,0.019931582
1402.0,1942.0,2241.0,2007.0,2007.0,2007.0,2006.0,2006.0,2006.0,2007.0,2009.0,2005.0,2010.0,2008.0,2006.0,2010.0,2011.0,2008.0,2011.0,2011.0,2012.0,2013.0,2019.0,2015.0,2011.0,3121.0,3518.0,3499.0,3355.0,3478.0,3351.0,3183.0,3290.0,3270.0,3347.0,3040.0,3487.0,3472.0,3283.0,3450.0,3253.0,3442.0,3502.0,3405.0,68.340829221,0.019934377
1402.0,1942.0,2240.0,2017.0,2018.0,2024.0,2021.0,2023.0,2023.0,2022.0,2021.0,2024.0,2021.0,2026.0,2028.0,2028.0,2029.0,2026.0,2030.0,2035.0,2036.0,2038.0,2039.0,2041.0,2042.0,3109.0,3516.0,3496.0,3349.0,3476.0,3348.0,3182.0,3288.0,3272.0,3347.0,3053.0,3490.0,3476.0,3289.0,3451.0,3257.0,3443.0,3503.0,3406.0,68.360836455,0.019972991000000002
1403.0,1943.0,2239.0,2086.0,2082.0,2078.0,2081.0,2081.0,2076.0,2082.0,2081.0,2077.0,2075.0,2075.0,2073.0,2073.0,2075.0,2076.0,2075.0,2075.0,2077.0,2076.0,2082.0,2079.0,2082.0,3099.0,3513.0,3494.0,3345.0,3474.0,3345.0,3183.0,3287.0,3273.0,3348.0,3059.0,3491.0,3477.0,3292.0,3454.0,3259.0,3443.0,3503.0,3405.0,68.380834654,0.019921079
1402.0,1942.0,2238.0,2070.0,2073.0,2078.0,2070.0,2067.0,2064.0,2067.0,2074.0,2071.0,2070.0,2071.0,2069.0,2068.0,2066.0,2067.0,2068.0,2065.0,2058.0,2056.0,2065.0,2059.0,2059.0,3100.0,3514.0,3495.0,3346.0,3475.0,3346.0,3182.0,3288.0,3274.0,3348.0,3053.0,3490.0,3475.0,3289.0,3451.0,3257.0,3443.0,3502.0,3405.0,68.400833992,0.019923096
1402.0,1944.0,2237.0,2061.0,2067.0,2062.0,2064.0,2065.0,2062.0,2060.0,2058.0,2051.0,2055.0,2054.0,2052.0,2051.0,2053.0,2059.0,2056.0,2059.0,2062.0,2054.0,2055.0,2060.0,2056.0,3109.0,3516.0,3496.0,3350.0,3476.0,3348.0,3183.0,3289.0,3271.0,3347.0,3043.0,3487.0,3473.0,3284.0,3450.0,3252.0,3443.0,3503.0,3405.0,68.420830501,0.019930472
1402.0,1944.0,2238.0,2056.0,2055.0,2048.0,2046.0,2045.0,2052.0,2046.0,2041.0,2032.0,2021.0,2023.0,2018.0,2013.0,2008.0,2010.0,2003.0,1998.0,1997.0,1991.0,1990.0,1993.0,1991.0,3120.0,3518.0,3498.0,3355.0,3477.0,3350.0,3184.0,3289.0,3270.0,3347.0,3033.0,3484.0,3470.0,3277.0,3446.0,3248.0,3442.0,3502.0,3405.0,68.440831717,0.019943665000000003
1403.0,1947.0,2239.0,1969.0,1965.0,1963.0,1964.0,1965.0,1968.0,1967.0,1968.0,1959.0,1958.0,1961.0,1960.0,1952.0,1955.0,1957.0,1955.0,1953.0,1955.0,1958.0,1954.0,1952.0,1952.0,3127.0,3519.0,3500.0,3357.0,3479.0,3352.0,3183.0,3291.0,3269.0,3348.0,3030.0,3483.0,3469.0,3276.0,3446.0,3247.0,3442.0,3502.0,3405.0,68.460837944,0.01997005
1403.0,1947.0,2241.0,1953.0,1948.0,1952.0,1961.0,1954.0,1949.0,1949.0,1959.0,1951.0,1949.0,1958.0,1954.0,1956.0,1959.0,1955.0,1947.0,1948.0,1951.0,1949.0,1951.0,1948.0,1947.0,3123.0,3518.0,3498.0,3355.0,3478.0,3351.0,3184.0,3290.0,3271.0,3348.0,3036.0,3485.0,3472.0,3279.0,3449.0,3250.0,3442.0,3501.0,3407.0,68.480833163,0.019917588
1403.0,1945.0,2242.0,1973.0,1971.0,1979.0,1980.0,1982.0,1978.0,1975.0,1976.0,1973.0,1977.0,1982.0,1983.0,1986.0,1983.0,1985.0,1987.0,1986.0,1989.0,1986.0,1995.0,1985.0,1982.0,3118.0,3517.0,3499.0,3353.0,3476.0,3350.0,3183.0,3289.0,3271.0,3348.0,3043.0,3486.0,3472.0,3282.0,3449.0,3251.0,3443.0,3502.0,3406.0,68.500834361,0.019934584
1403.0,1945.0,2241.0,1996.0,1999.0,2003.0,2009.0,2005.0,2013.0,2019.0,2020.0,2024.0,2025.0,2028.0,2031.0,2035.0,2036.0,2033.0,2037.0,2041.0,2041.0,2041.0,2044.0,2044.0,2046.0,3123.0,3518.0,3500.0,3355.0,3478.0,3350.0,3184.0,3289.0,3270.0,3346.0,3036.0,3484.0,3470.0,3279.0,3448.0,3249.0,3443.0,3502.0,3405.0,68.520832052,0.019934533
1403.0,1944.0,2240.0,2062.0,2068.0,2074.0,2072.0,2069.0,2065.0,2069.0,2068.0,2073.0,2074.0,2070.0,2069.0,2070.0,2066.0,2068.0,2066.0,2070.0,2068.0,2067.0,2072.0,2073.0,2069.0,3134.0,3521.0,3501.0,3360.0,3479.0,3353.0,3184.0,3291.0,3269.0,3346.0,3021.0,3480.0,3467.0,3271.0,3444.0,3244.0,3442.0,3502.0,3405.0,68.540832667,0.019942022
1402.0,1945.0,2240.0,2038.0,2041.0,2040.0,2042.0,2038.0,2035.0,2037.0,2040.0,2042.0,2039.0,2036.0,2038.0,2032.0,2032.0,2035.0,2035.0,2036.0,2036.0,2028.0,2028.0,2021.0,2021.0,3139.0,3522.0,3502.0,3364.0,3480.0,3355.0,3183.0,3291.0,3268.0,3347.0,3016.0,3480.0,3465.0,3270.0,3445.0,3243.0,3442.0,3501.0,3405.0,68.560834066,0.019959871
1402.0,1945.0,2240.0,2029.0,2030.0,2025.0,2026.0,2028.0,2032.0,2033.0,2032.0,2036.0,2036.0,2032.0,2035.0,2037.0,2036.0,2038.0,2035.0,2040.0,2041.0,2037.0,2039.0,2041.0,2042.0,3135.0,3522.0,3501.0,3361.0,3481.0,3353.0,3183.0,3291.0,3269.0,3347.0,3023.0,3482.0,3469.0,3275.0,3446.0,3247.0,3443.0,3502.0,3405.0,68.580833016,0.019938997
1403.0,1944.0,2241.0,2016.0,2019.0,2018.0,2015.0,2020.0,2017.0,2011.0,2009.0,2012.0,2010.0,2006.0,2007.0,2007.0,2006.0,2007.0,2003.0,2000.0,2001.0,2002.0,2006.0,1998.0,2003.0,3125.0,3520.0,3500.0,3356.0,3478.0,3352.0,3183.0,3290.0,3269.0,3348.0,3035.0,3485.0,3471.0,3280.0,3450.0,3250.0,3443.0,3503.0,3406.0,68.600832459,0.01993798
1403.0,1943.0,2241.0,1995.0,1993.0,1997.0,1997.0,2000.0,1997.0,1994.0,1998.0,2001.0,2007.0,2011.0,2009.0,2009.0,2011.0,2015.0,2013.0,2011.0,2014.0,2011.0,2020.0,2018.0,2018.0,3118.0,3518.0,3497.0,3354.0,3478.0,3350.0,3183.0,3289.0,3271.0,3348.0,3042.0,3487.0,3473.0,3284.0,3449.0,3253.0,3442.0,3503.0,3407.0,68.620835391,0.019965305000000003
1403.0,1942.0,2240.0,2031.0,2032.0,2033.0,2030.0,2033.0,2036.0,2034.0,2037.0,2042.0,2035.0,2038.0,2042.0,2044.0,2046.0,2044.0,2045.0,2047.0,2045.0,2053.0,2054.0,2050.0,2046.0,3115.0,3517.0,3497.0,3353.0,3476.0,3349.0,3182.0,3289.0,3271.0,3348.0,3043.0,3488.0,3474.0,3285.0,3450.0,3255.0,3443.0,3503.0,3405.0,68.640833633,0.019933291000000002
1403.0,1943.0,2240.0,2077.0,2080.0,2078.0,2081.0,2082.0,2079.0,2081.0,2082.0,2081.0,2078.0,2082.0,2080.0,2080.0,2085.0,2085.0,2086.0,2085.0,2086.0,2083.0,2086.0,2081.0,2082.0,3114.0,3517.0,3497.0,3353.0,3477.0,3350.0,3182.0,3288.0,3271.0,3347.0,3042.0,3488.0,3474.0,3285.0,3451.0,3255.0,3443.0,3502.0,3406.0,68.660836942,0.019963558000000003
1403.0,1944.0,2239.0,2075.0,2079.0,2076.0,2074.0,2073.0,2069.0,2070.0,2073.0,2073.0,2068.0,2074.0,2070.0,2065.0,2067.0,2069.0,2064.0,2060.0,2062.0,2061.0,2059.0,2055.0,2056.0,3112.0,3517.0,3497.0,3352.0,3477.0,3349.0,3182.0,3289.0,3271.0,3347.0,3044.0,3488.0,3474.0,3285.0,3451.0,3254.0,3443.0,3502.0,3405.0,68.680835647,0.019931808000000002
1403.0,1945.0,2240.0,2015.0,2018.0,2014.0,2012.0,2015.0,2013.0,2011.0,2009.0,2006.0,2007.0,2006.0,2006.0,2005.0,2006.0,1999.0,2000.0,1997.0,1997.0,1996.0,2000.0,1996.0,1998.0,3113.0,3517.0,3497.0,3352.0,3477.0,3350.0,3183.0,3289.0,3271.0,3347.0,3042.0,3489.0,3474.0,3285.0,3451.0,3253.0,3443.0,3503.0,3406.0,68.70083565,0.019937782
1403.0,1942.0,2239.0,2013.0,2017.0,2019.0,2021.0,2023.0,2023.0,2027.0,2027.0,2031.0,2031.0,2028.0,2029.0,2032.0,2032.0,2030.0,2031.0,2027.0,2028.0,2025.0,2033.0,2029.0,2030.0,3118.0,3518.0,3499.0,3354.0,3478.0,3350.0,3184.0,3289.0,3271.0,3347.0,3037.0,3485.0,3472.0,3280.0,3449.0,3251.0,3442.0,3502.0,3405.0,68.720836696,0.019939456
1402.0,1944.0,2238.0,2056.0,2057.0,2055.0,2060.0,2058.0,2052.0,2053.0,2055.0,2059.0,2061.0,2057.0,2056.0,2057.0,2056.0,2061.0,2058.0,2056.0,2057.0,2055.0,2059.0,2056.0,2054.0,3123.0,3520.0,3499.0,3357.0,3478.0,3352.0,3182.0,3290.0,3269.0,3347.0,3030.0,3483.0,3471.0,3278.0,3448.0,3249.0,3443.0,3503.0,3405.0,68.740837619,0.019931817
1403.0,1942.0,2238.0,2041.0,2040.0,2041.0,2039.0,2040.0,2037.0,2038.0,2033.0,2026.0,2022.0,2020.0,2018.0,2026.0,2027.0,2024.0,2022.0,2019.0,2015.0,2021.0,2022.0,2013.0,2012.0,3127.0,3520.0,3500.0,3358.0,3478.0,3352.0,3183.0,3290.0,3269.0,3347.0,3028.0,3483.0,3469.0,3276.0,3447.0,3249.0,3443.0,3502.0,3405.0,68.760836561,0.019926538
1402.0,1942.0,2240.0,2002.0,2000.0,2001.0,1999.0,2001.0,2002.0,1997.0,1994.0,1994.0,1997.0,1997.0,1999.0,1997.0,1995.0,1995.0,1993.0,1995.0,1989.0,1994.0,1996.0,1994.0,1994.0,3128.0,3520.0,3499.0,3359.0,3479.0,3353.0,3184.0,3291.0,3270.0,3347.0,3028.0,3483.0,3469.0,3277.0,3447.0,3248.0,3443.0,3502.0,3405.0,68.78083665,0.019940483000000002
1403.0,1945.0,2240.0,1995.0,1995.0,1995.0,1992.0,1995.0,1995.0,1994.0,1992.0,1990.0,1990.0,1991.0,1990.0,1990.0,1991.0,1987.0,1988.0,1987.0,1988.0,1987.0,1990.0,1989.0,1985.0,3129.0,3521.0,3501.0,3359.0,3480.0,3353.0,3183.0,3290.0,3269.0,3347.0,3027.0,3482.0,3469.0,3275.0,3447.0,3247.0,3442.0,3502.0,3405.0,68.800836027,0.019934523000000003
1403.0,1943.0,2239.0,2025.0,2022.0,2025.0,2028.0,2035.0,2030.0,2036.0,2038.0,2038.0,2044.0,2043.0,2049.0,2052.0,2050.0,2050.0,2057.0,2060.0,2062.0,2063.0,2063.0,2064.0,2067.0,3133.0,3521.0,3501.0,3360.0,3480.0,3354.0,3184.0,3291.0,3269.0,3347.0,3023.0,3481.0,3468.0,3273.0,3446.0,3245.0,3442.0,3503.0,3405.0,68.820835321,0.019960648
1403.0,1945.0,2237.0,2104.0,2101.0,2101.0,2107.0,2108.0,2109.0,2115.0,2120.0,2117.0,2114.0,2125.0,2119.0,2118.0,2123.0,2125.0,2130.0,2133.0,2135.0,2133.0,2134.0,2136.0,2132.0,3133.0,3520.0,3500.0,3361.0,3480.0,3354.0,3184.0,3292.0,3267.0,3347.0,3020.0,3481.0,3468.0,3271.0,3446.0,3244.0,3442.0,3502.0,3405.0,68.840838535,0.019946696
1403.0,1945.0,2236.0,2128.0,2133.0,2134.0,2132.0,2129.0,2132.0,2131.0,2128.0,2132.0,2123.0,2121.0,2117.0,2118.0,2120.0,2114.0,2110.0,2107.0,2108.0,2110.0,2114.0,2104.0,2113.0,3133.0,3521.0,3502.0,3360.0,3478.0,3354.0,3182.0,3292.0,3269.0,3347.0,3015.0,3480.0,3466.0,3270.0,3444.0,3243.0,3442.0,3502.0,3405.0,68.860839527,0.019935494
1403.0,1946.0,2236.0,2063.0,2062.0,2058.0,2050.0,2050.0,2042.0,2039.0,2038.0,2039.0,2035.0,2031.0,2029.0,2023.0,2018.0,2018.0,2015.0,2015.0,2007.0,2010.0,2010.0,2002.0,2000.0,3137.0,3522.0,3502.0,3362.0,3480.0,3355.0,3183.0,3293.0,3267.0,3347.0,3011.0,3479.0,3465.0,3268.0,3444.0,3242.0,3442.0,3503.0,3405.0,68.88084006,0.019936744000000003
1403.0,1947.0,2238.0,1921.0,1924.0,1924.0,1926.0,1921.0,1922.0,1921.0,1920.0,1919.0,1917.0,1916.0,1916.0,1921.0,1922.0,1921.0,1917.0,1912.0,1913.0,1918.0,1916.0,1912.0,1910.0,3139.0,3523.0,3503.0,3364.0,3480.0,3355.0,3182.0,3292.0,3266.0,3346.0,3010.0,3478.0,3466.0,3267.0,3443.0,3242.0,3442.0,3501.0,3405.0,68.900836414,0.019927881
1403.0,1947.0,2239.0,1959.0,1965.0,1963.0,1961.0,1964.0,1966.0,1968.0,1971.0,1975.0,1981.0,1983.0,1982.0,1985.0,1985.0,1985.0,1982.0,1980.0,1986.0,1984.0,1991.0,1989.0,1992.0,3142.0,3522.0,3502.0,3364.0,3480.0,3356.0,3182.0,3293.0,3266.0,3347.0,3011.0,3478.0,3465.0,3267.0,3443.0,3242.0,3441.0,3502.0,3405.0,68.920837517,0.019959531000000003
1403.0,1947.0,2239.0,2027.0,2032.0,2030.0,2032.0,2035.0,2034.0,2035.0,2040.0,2047.0,2048.0,2049.0,2047.0,2051.0,2053.0,2052.0,2051.0,2053.0,2058.0,2062.0,2058.0,2059.0,2059.0,3140.0,3523.0,3502.0,3364.0,3481.0,3355.0,3183.0,3292.0,3267.0,3346.0,3014.0,3479.0,3466.0,3268.0,3444.0,3243.0,3442.0,3502.0,3405.0,68.940837806,0.019939482
1403.0,1948.0,2237.0,2085.0,2089.0,2086.0,2085.0,2085.0,2080.0,2087.0,2089.0,2081.0,2081.0,2084.0,2083.0,2086.0,2086.0,2082.0,2080.0,2079.0,2078.0,2077.0,2080.0,2073.0,2069.0,3137.0,3521.0,3501.0,3362.0,3479.0,3356.0,3183.0,3293.0,3268.0,3347.0,3015.0,3479.0,3466.0,3269.0,3445.0,3244.0,3442.0,3502.0,3405.0,68.960840866,0.019960756
1403.0,1948.0,2238.0,2040.0,2040.0,2040.0,2038.0,2042.0,2042.0,2036.0,2041.0,2035.0,2037.0,2031.0,2029.0,2024.0,2022.0,2030.0,2025.0,2022.0,2024.0,2015.0,2016.0,2015.0,2013.0,3139.0,3522.0,3503.0,3363.0,3481.0,3355.0,3183.0,3291.0,3267.0,3347.0,3012.0,3480.0,3465.0,3269.0,3443.0,3243.0,3442.0,3502.0,3405.0,68.980841254,0.019935682
1403.0,1945.0,2239.0,1989.0,1993.0,1983.0,1985.0,1987.0,1984.0,1982.0,1976.0,1972.0,1968.0,1962.0,1962.0,1958.0,1958.0,1957.0,1952.0,1949.0,1938.0,1938.0,1940.0,1932.0,1930.0,3139.0,3523.0,3502.0,3363.0,3481.0,3356.0,3183.0,3292.0,3267.0,3347.0,3014.0,3479.0,3466.0,3269.0,3444.0,3243.0,3442.0,3501.0,3405.0,69.000837976,0.019930968
1403.0,1943.0,2243.0,1907.0,1906.0,1905.0,1899.0,1905.0,1902.0,1904.0,1906.0,1906.0,1908.0,1907.0,1907.0,1910.0,1909.0,1914.0,1910.0,1912.0,1911.0,1917.0,1915.0,1914.0,1916.0,3139.0,3522.0,3502.0,3363.0,3480.0,3355.0,3183.0,3292.0,3268.0,3347.0,3020.0,3480.0,3467.0,3271.0,3445.0,3245.0,3442.0,3502.0,3405.0,69.020837588,0.01995388
1403.0,1945.0,2242.0,1959.0,1959.0,1960.0,1961.0,1967.0,1971.0,1978.0,1977.0,1979.0,1981.0,1985.0,1986.0,1988.0,1995.0,2000.0,2004.0,2003.0,2004.0,2004.0,2007.0,2006.0,2014.0,3135.0,3520.0,3502.0,3360.0,3479.0,3354.0,3184.0,3291.0,3268.0,3347.0,3027.0,3482.0,3469.0,3275.0,3446.0,3246.0,3442.0,3501.0,3405.0,69.040840855,0.019938752
1403.0,1949.0,2241.0,2078.0,2078.0,2080.0,2082.0,2085.0,2085.0,2086.0,2087.0,2091.0,2094.0,2093.0,2092.0,2093.0,2096.0,2100.0,2095.0,2095.0,2097.0,2098.0,2101.0,2097.0,2093.0,3132.0,3521.0,3500.0,3359.0,3478.0,3352.0,3184.0,3291.0,3269.0,3347.0,3028.0,3483.0,3469.0,3275.0,3446.0,3246.0,3442.0,3502.0,3405.0,69.060842923,0.019938301000000002
1403.0,1951.0,2240.0,2056.0,2054.0,2052.0,2051.0,2049.0,2051.0,2053.0,2055.0,2053.0,2046.0,2042.0,2044.0,2043.0,2042.0,2040.0,2038.0,2038.0,2038.0,2039.0,2035.0,2028.0,2028.0,3130.0,3519.0,3501.0,3358.0,3479.0,3353.0,3183.0,3291.0,3270.0,3347.0,3028.0,3482.0,3469.0,3275.0,3447.0,3246.0,3442.0,3503.0,3405.0,69.080845439,0.019933079000000003
1403.0,1948.0,2242.0,1980.0,1983.0,1980.0,1979.0,1980.0,1969.0,1962.0,1960.0,1961.0,1956.0,1949.0,1945.0,1937.0,1931.0,1938.0,1935.0,1934.0,1927.0,1927.0,1929.0,1928.0,1922.0,3131.0,3521.0,3501.0,3360.0,3480.0,3353.0,3184.0,3291.0,3269.0,3347.0,3028.0,3482.0,3468.0,3275.0,3446.0,3246.0,3442.0,3503.0,3405.0,69.100840123,0.019915643
1403.0,1946.0,2244.0,1919.0,1916.0,1916.0,1924.0,1931.0,1935.0,1937.0,1934.0,1935.0,1937.0,1933.0,1932.0,1931.0,1931.0,1931.0,1931.0,1931.0,1936.0,1933.0,1929.0,1927.0,1930.0,3134.0,3520.0,3500.0,3360.0,3478.0,3353.0,3184.0,3290.0,3269.0,3346.0,3031.0,3482.0,3469.0,3276.0,3446.0,3247.0,3442.0,3503.0,3405.0,69.120838371,0.019945551000000002
1403.0,1945.0,2244.0,1976.0,1984.0,1985.0,1978.0,1980.0,1983.0,1988.0,1991.0,1989.0,1983.0,1988.0,1990.0,1994.0,1996.0,1998.0,1991.0,1998.0,1999.0,2000.0,2005.0,2005.0,2010.0,3134.0,3521.0,3500.0,3359.0,3479.0,3354.0,3184.0,3291.0,3269.0,3347.0,3033.0,3482.0,3469.0,3276.0,3446.0,3247.0,3442.0,3503.0,3405.0,69.140840497,0.019940958
1403.0,1949.0,2243.0,2064.0,2068.0,2067.0,2063.0,2070.0,2076.0,2079.0,2079.0,2068.0,2075.0,2070.0,2066.0,2071.0,2076.0,2076.0,2079.0,2083.0,2077.0,2086.0,2093.0,2095.0,2098.0,3135.0,3520.0,3500.0,3360.0,3480.0,3354.0,3185.0,3291.0,3269.0,3347.0,3029.0,3481.0,3468.0,3274.0,3446.0,3245.0,3442.0,3501.0,3406.0,69.160842063,0.019931809
1403.0,1948.0,2242.0,2087.0,2091.0,2096.0,2093.0,2095.0,2091.0,2085.0,2088.0,2078.0,2084.0,2084.0,2082.0,2081.0,2072.0,2074.0,2069.0,2068.0,2062.0,2057.0,2060.0,2064.0,2057.0,3143.0,3522.0,3502.0,3364.0,3481.0,3355.0,3184.0,3292.0,3267.0,3346.0,3015.0,3478.0,3465.0,3267.0,3444.0,3241.0,3441.0,3502.0,3405.0,69.180844514,0.019944592
1403.0,1951.0,2243.0,2037.0,2037.0,2032.0,2023.0,2018.0,2019.0,2016.0,2009.0,2014.0,2008.0,1999.0,1994.0,1996.0,1992.0,1987.0,1990.0,1986.0,1978.0,1982.0,1983.0,1976.0,1970.0,3153.0,3525.0,3504.0,3368.0,3482.0,3358.0,3185.0,3293.0,3266.0,3346.0,3004.0,3476.0,3462.0,3262.0,3441.0,3238.0,3441.0,3502.0,3405.0,69.200840363,0.019921503
1403.0,1951.0,2244.0,1977.0,1977.0,1981.0,1984.0,1976.0,1984.0,1986.0,1982.0,1990.0,1991.0,1993.0,1993.0,1992.0,1992.0,2000.0,1996.0,1999.0,2003.0,2002.0,2001.0,2000.0,2004.0,3157.0,3526.0,3505.0,3371.0,3483.0,3359.0,3184.0,3294.0,3265.0,3346.0,3000.0,3474.0,3462.0,3259.0,3441.0,3236.0,3440.0,3501.0,3405.0,69.220842816,0.019955687
1403.0,1951.0,2242.0,2042.0,2044.0,2048.0,2049.0,2051.0,2059.0,2059.0,2065.0,2065.0,2065.0,2069.0,2068.0,2068.0,2069.0,2070.0,2076.0,2079.0,2082.0,2082.0,2086.0,2085.0,2092.0,3157.0,3526.0,3505.0,3370.0,3484.0,3360.0,3184.0,3294.0,3265.0,3345.0,3001.0,3474.0,3461.0,3260.0,3441.0,3236.0,3441.0,3502.0,3405.0,69.240844103,0.019934956
1404.0,1949.0,2241.0,2109.0,2106.0,2113.0,2117.0,2117.0,2118.0,2117.0,2120.0,2129.0,2132.0,2129.0,2130.0,2132.0,2130.0,2129.0,2126.0,2123.0,2124.0,2118.0,2125.0,2120.0,2121.0,3155.0,3525.0,3504.0,3369.0,3482.0,3359.0,3183.0,3294.0,3265.0,3346.0,3001.0,3474.0,3461.0,3260.0,3441.0,3237.0,3441.0,3501.0,3405.0,69.260843266,0.019930372000000002
1403.0,1951.0,2240.0,2111.0,2107.0,2102.0,2102.0,2102.0,2104.0,2097.0,2101.0,2100.0,2088.0,2086.0,2084.0,2083.0,2086.0,2081.0,2076.0,2070.0,2067.0,2067.0,2064.0,2059.0,2057.0,3151.0,3524.0,3505.0,3368.0,3483.0,3358.0,3183.0,3294.0,3266.0,3346.0,3000.0,3475.0,3462.0,3261.0,3441.0,3237.0,3440.0,3502.0,3405.0,69.280848032,0.019951618
1404.0,1951.0,2240.0,2033.0,2032.0,2028.0,2035.0,2033.0,2026.0,2029.0,2024.0,2024.0,2024.0,2027.0,2023.0,2017.0,2021.0,2016.0,2020.0,2016.0,2019.0,2015.0,2019.0,2017.0,2010.0,3150.0,3525.0,3504.0,3367.0,3482.0,3358.0,3184.0,3293.0,3265.0,3347.0,3002.0,3476.0,3463.0,3263.0,3442.0,3238.0,3442.0,3501.0,3405.0,69.300841363,0.019915282000000003
1403.0,1946.0,2241.0,1983.0,1979.0,1982.0,1977.0,1979.0,1978.0,1972.0,1967.0,1972.0,1971.0,1977.0,1974.0,1968.0,1974.0,1970.0,1970.0,1971.0,1968.0,1967.0,1969.0,1967.0,1955.0,3151.0,3525.0,3505.0,3367.0,3482.0,3358.0,3184.0,3292.0,3266.0,3346.0,3002.0,3475.0,3463.0,3262.0,3442.0,3238.0,3441.0,3502.0,3405.0,69.320841094,0.019957001000000002
1403.0,1948.0,2242.0,1948.0,1947.0,1950.0,1953.0,1956.0,1960.0,1957.0,1960.0,1965.0,1970.0,1965.0,1962.0,1968.0,1959.0,1964.0,1974.0,1968.0,1965.0,1971.0,1970.0,1971.0,1975.0,3154.0,3525.0,3504.0,3369.0,3483.0,3359.0,3183.0,3293.0,3265.0,3347.0,3001.0,3475.0,3462.0,3261.0,3441.0,3237.0,3441.0,3503.0,3405.0,69.340843838,0.019942770000000002
1403.0,1947.0,2243.0,1990.0,1992.0,1993.0,1990.0,1991.0,1996.0,1995.0,1999.0,1993.0,1989.0,1987.0,1994.0,1998.0,2007.0,2007.0,2003.0,1997.0,2003.0,2006.0,2008.0,2003.0,2006.0,3153.0,3524.0,3504.0,3369.0,3483.0,3359.0,3184.0,3294.0,3265.0,3346.0,3007.0,3476.0,3463.0,3263.0,3442.0,3238.0,3441.0,3502.0,3405.0,69.360848819,0.019939858
1403.0,1946.0,2243.0,2019.0,2027.0,2029.0,2027.0,2027.0,2030.0,2027.0,2029.0,2035.0,2030.0,2032.0,2034.0,2032.0,2038.0,2042.0,2038.0,2046.0,2055.0,2052.0,2055.0,2058.0,2055.0,3144.0,3524.0,3503.0,3364.0,3480.0,3356.0,3184.0,3293.0,3267.0,3347.0,3018.0,3480.0,3466.0,3269.0,3444.0,3243.0,3442.0,3502.0,3405.0,69.38084659,0.01993009
1404.0,1947.0,2242.0,2061.0,2057.0,2057.0,2063.0,2060.0,2058.0,2058.0,2055.0,2051.0,2050.0,2048.0,2047.0,2045.0,2034.0,2043.0,2043.0,2038.0,2038.0,2033.0,2034.0,2032.0,2026.0,3134.0,3521.0,3500.0,3360.0,3480.0,3353.0,3184.0,3291.0,3270.0,3346.0,3029.0,3482.0,3469.0,3275.0,3447.0,3247.0,3443.0,3502.0,3405.0,69.400842573,0.019919863000000003
1403.0,1946.0,2243.0,1996.0,1993.0,1989.0,1993.0,1992.0,1994.0,1995.0,2004.0,1992.0,1983.0,1994.0,1990.0,1988.0,1990.0,1984.0,1983.0,1980.0,1973.0,1982.0,1985.0,1981.0,1979.0,3128.0,3520.0,3500.0,3357.0,3479.0,3351.0,3185.0,3290.0,3269.0,3346.0,3036.0,3483.0,3471.0,3278.0,3448.0,3248.0,3442.0,3503.0,3405.0,69.420845311,0.019958963
1403.0,1947.0,2244.0,1982.0,1986.0,1989.0,1986.0,1986.0,1984.0,1986.0,1988.0,1995.0,1997.0,1995.0,1996.0,1996.0,2001.0,1998.0,1993.0,1998.0,2004.0,1998.0,2000.0,2005.0,2004.0,3128.0,3518.0,3500.0,3356.0,3478.0,3352.0,3184.0,3290.0,3270.0,3346.0,3039.0,3484.0,3471.0,3278.0,3448.0,3250.0,3442.0,3502.0,3405.0,69.440846805,0.019934679
1403.0,1950.0,2243.0,2031.0,2035.0,2032.0,2038.0,2037.0,2033.0,2039.0,2038.0,2047.0,2051.0,2042.0,2045.0,2048.0,2048.0,2046.0,2050.0,2043.0,2042.0,2046.0,2052.0,2052.0,2049.0,3126.0,3519.0,3499.0,3356.0,3478.0,3350.0,3184.0,3290.0,3271.0,3347.0,3040.0,3485.0,3472.0,3279.0,3449.0,3250.0,3442.0,3503.0,3405.0,69.460842867,0.019926374
1403.0,1949.0,2243.0,2051.0,2049.0,2047.0,2046.0,2050.0,2055.0,2048.0,2049.0,2050.0,2048.0,2055.0,2055.0,2057.0,2054.0,2054.0,2056.0,2055.0,2049.0,2056.0,2058.0,2059.0,2063.0,3123.0,3517.0,3498.0,3355.0,3477.0,3350.0,3184.0,3289.0,3270.0,3346.0,3041.0,3486.0,3472.0,3282.0,3449.0,3251.0,3443.0,3502.0,3406.0,69.480847089,0.019977830000000002
1404.0,1948.0,2242.0,2049.0,2050.0,2047.0,2050.0,2049.0,2041.0,2040.0,2038.0,2046.0,2044.0,2045.0,2045.0,2045.0,2046.0,2048.0,2042.0,2042.0,2047.0,2048.0,2046.0,2041.0,2038.0,3117.0,3517.0,3497.0,3352.0,3477.0,3348.0,3185.0,3289.0,3272.0,3347.0,3049.0,3488.0,3474.0,3285.0,3451.0,3254.0,3443.0,3503.0,3406.0,69.500845961,0.019930377000000003
1404.0,1949.0,2243.0,2037.0,2037.0,2034.0,2030.0,2037.0,2038.0,2040.0,2037.0,2037.0,2037.0,2042.0,2045.0,2051.0,2056.0,2057.0,2051.0,2048.0,2054.0,2057.0,2056.0,2059.0,2059.0,3109.0,3515.0,3496.0,3348.0,3475.0,3346.0,3184.0,3287.0,3272.0,3347.0,3056.0,3489.0,3475.0,3289.0,3451.0,3256.0,3443.0,3503.0,3406.0,69.520850677,0.019940242
1404.0,1951.0,2241.0,2070.0,2074.0,2072.0,2073.0,2078.0,2072.0,2072.0,2074.0,2067.0,2065.0,2071.0,2074.0,2079.0,2070.0,2068.0,2075.0,2067.0,2061.0,2065.0,2068.0,2059.0,2066.0,3104.0,3514.0,3495.0,3347.0,3475.0,3346.0,3184.0,3288.0,3273.0,3347.0,3058.0,3491.0,3476.0,3290.0,3452.0,3257.0,3442.0,3503.0,3405.0,69.54084794,0.019922471
1403.0,1951.0,2240.0,2092.0,2091.0,2095.0,2097.0,2086.0,2089.0,2089.0,2089.0,2089.0,2093.0,2089.0,2087.0,2088.0,2084.0,2089.0,2086.0,2079.0,2089.0,2088.0,2087.0,2082.0,2071.0,3102.0,3514.0,3493.0,3346.0,3475.0,3345.0,3184.0,3287.0,3273.0,3347.0,3058.0,3491.0,3476.0,3289.0,3452.0,3257.0,3443.0,3503.0,3405.0,69.560844646,0.019925818
1403.0,1951.0,2239.0,2069.0,2067.0,2067.0,2069.0,2062.0,2064.0,2063.0,2064.0,2063.0,2061.0,2057.0,2055.0,2053.0,2052.0,2051.0,2053.0,2052.0,2051.0,2052.0,2059.0,2055.0,2049.0,3106.0,3514.0,3495.0,3348.0,3475.0,3346.0,3184.0,3288.0,3272.0,3347.0,3052.0,3489.0,3475.0,3288.0,3451.0,3254.0,3443.0,3503.0,3405.0,69.580848369,0.019968045
1404.0,1952.0,2239.0,2054.0,2049.0,2049.0,2049.0,2047.0,2051.0,2042.0,2042.0,2045.0,2040.0,2037.0,2041.0,2043.0,2040.0,2042.0,2040.0,2035.0,2035.0,2037.0,2035.0,2031.0,2028.0,3114.0,3516.0,3496.0,3351.0,3476.0,3349.0,3184.0,3289.0,3270.0,3348.0,3044.0,3487.0,3472.0,3282.0,3449.0,3251.0,3443.0,3501.0,3406.0,69.600846089,0.019929317000000002
1403.0,1953.0,2240.0,2000.0,2002.0,2005.0,2005.0,2006.0,2008.0,2011.0,2008.0,2010.0,2007.0,2006.0,2011.0,2013.0,2016.0,2019.0,2019.0,2011.0,2015.0,2017.0,2019.0,2016.0,2018.0,3123.0,3520.0,3499.0,3356.0,3479.0,3350.0,3184.0,3290.0,3269.0,3347.0,3034.0,3484.0,3470.0,3277.0,3448.0,3249.0,3443.0,3501.0,3406.0,69.620846828,0.019951539
1404.0,1955.0,2240.0,2017.0,2022.0,2025.0,2023.0,2028.0,2032.0,2029.0,2033.0,2033.0,2031.0,2032.0,2032.0,2035.0,2034.0,2041.0,2038.0,2041.0,2042.0,2038.0,2040.0,2040.0,2038.0,3128.0,3520.0,3499.0,3357.0,3478.0,3352.0,3184.0,3291.0,3269.0,3348.0,3029.0,3483.0,3469.0,3276.0,3446.0,3247.0,3442.0,3502.0,3405.0,69.640847368,0.019939747
1404.0,1954.0,2241.0,1998.0,2006.0,2007.0,2001.0,2002.0,1993.0,1990.0,1994.0,1989.0,1986.0,1981.0,1973.0,1973.0,1969.0,1968.0,1967.0,1957.0,1954.0,1959.0,1957.0,1944.0,1950.0,3130.0,3520.0,3501.0,3359.0,3479.0,3353.0,3183.0,3291.0,3269.0,3347.0,3028.0,3483.0,3469.0,3275.0,3447.0,3247.0,3442.0,3503.0,3405.0,69.660845445,0.019935258
1404.0,1952.0,2242.0,1926.0,1928.0,1931.0,1930.0,1934.0,1935.0,1937.0,1933.0,1942.0,1946.0,1944.0,1944.0,1942.0,1944.0,1947.0,1950.0,1956.0,1952.0,1951.0,1953.0,1952.0,1954.0,3129.0,3520.0,3500.0,3359.0,3479.0,3352.0,3185.0,3290.0,3269.0,3346.0,3033.0,3484.0,3470.0,3277.0,3448.0,3247.0,3442.0,3502.0,3405.0,69.68085289,0.019968819000000002
1404.0,1955.0,2243.0,1987.0,1983.0,1983.0,1990.0,1988.0,1994.0,1992.0,1994.0,1999.0,2000.0,1997.0,2002.0,1998.0,2001.0,2011.0,2010.0,2013.0,2012.0,2013.0,2020.0,2016.0,2015.0,3129.0,3520.0,3499.0,3357.0,3478.0,3353.0,3184.0,3290.0,3269.0,3346.0,3035.0,3484.0,3471.0,3278.0,3448.0,3249.0,3442.0,3502.0,3406.0,69.700848176,0.019917553
1404.0,1954.0,2242.0,2044.0,2045.0,2043.0,2046.0,2046.0,2053.0,2056.0,2055.0,2056.0,2055.0,2056.0,2060.0,2062.0,2065.0,2065.0,2065.0,2067.0,2072.0,2076.0,2072.0,2068.0,2070.0,3128.0,3520.0,3499.0,3357.0,3478.0,3352.0,3184.0,3290.0,3270.0,3347.0,3033.0,3483.0,3470.0,3277.0,3448.0,3248.0,3442.0,3502.0,3406.0,69.720848427,0.019935414000000002
1404.0,1955.0,2241.0,2053.0,2051.0,2053.0,2055.0,2050.0,2047.0,2048.0,2050.0,2045.0,2045.0,2044.0,2036.0,2038.0,2041.0,2048.0,2040.0,2043.0,2048.0,2033.0,2038.0,2042.0,2033.0,3128.0,3520.0,3499.0,3358.0,3477.0,3352.0,3184.0,3290.0,3270.0,3348.0,3033.0,3484.0,3469.0,3277.0,3448.0,3248.0,3441.0,3502.0,3406.0,69.740850314,0.019940447
1404.0,1954.0,2243.0,1990.0,1979.0,1978.0,1985.0,1976.0,1969.0,1970.0,1966.0,1961.0,1969.0,1972.0,1971.0,1974.0,1974.0,1977.0,1974.0,1974.0,1979.0,1980.0,1980.0,1976.0,1975.0,3127.0,3519.0,3499.0,3357.0,3478.0,3352.0,3184.0,3290.0,3270.0,3347.0,3035.0,3484.0,3471.0,3280.0,3448.0,3250.0,3442.0,3502.0,3406.0,69.760847505,0.019926473
1404.0,1954.0,2243.0,1990.0,1983.0,1981.0,1987.0,1988.0,1981.0,1991.0,1997.0,1989.0,1995.0,1991.0,1993.0,1991.0,1995.0,1994.0,1997.0,1998.0,1992.0,1990.0,1996.0,1991.0,1996.0,3125.0,3518.0,3499.0,3355.0,3478.0,3351.0,3185.0,3289.0,3270.0,3347.0,3039.0,3486.0,3471.0,3281.0,3449.0,3251.0,3442.0,3503.0,3406.0,69.780854007,0.019967432
1404.0,1954.0,2245.0,1966.0,1967.0,1963.0,1961.0,1968.0,1959.0,1961.0,1965.0,1965.0,1965.0,1963.0,1964.0,1960.0,1960.0,1966.0,1967.0,1971.0,1963.0,1963.0,1970.0,1966.0,1973.0,3124.0,3518.0,3499.0,3356.0,3478.0,3351.0,3184.0,3289.0,3270.0,3347.0,3041.0,3485.0,3472.0,3282.0,3449.0,3251.0,3442.0,3502.0,3405.0,69.800850998,0.019918826
1404.0,1955.0,2245.0,2006.0,2003.0,2009.0,2011.0,2009.0,2011.0,2005.0,2012.0,2013.0,2019.0,2015.0,2018.0,2018.0,2012.0,2020.0,2024.0,2023.0,2025.0,2026.0,2033.0,2035.0,2038.0,3128.0,3519.0,3499.0,3358.0,3480.0,3352.0,3185.0,3290.0,3270.0,3347.0,3038.0,3484.0,3471.0,3278.0,3449.0,3249.0,3442.0,3504.0,3405.0,69.820851339,0.019926431
1404.0,1956.0,2244.0,2066.0,2071.0,2076.0,2072.0,2073.0,2073.0,2072.0,2075.0,2078.0,2073.0,2072.0,2068.0,2071.0,2072.0,2074.0,2074.0,2078.0,2077.0,2079.0,2078.0,2080.0,2080.0,3132.0,3521.0,3501.0,3358.0,3480.0,3353.0,3184.0,3291.0,3269.0,3347.0,3030.0,3483.0,3469.0,3276.0,3447.0,3247.0,3442.0,3501.0,3405.0,69.840849618,0.019931297
1404.0,1955.0,2242.0,2088.0,2084.0,2088.0,2094.0,2095.0,2089.0,2090.0,2088.0,2094.0,2100.0,2099.0,2093.0,2098.0,2102.0,2096.0,2092.0,2094.0,2098.0,2096.0,2099.0,2093.0,2088.0,3138.0,3522.0,3501.0,3362.0,3481.0,3354.0,3184.0,3291.0,3268.0,3347.0,3021.0,3481.0,3467.0,3272.0,3444.0,3244.0,3442.0,3502.0,3406.0,69.860849006,0.019931449
1405.0,1955.0,2242.0,2041.0,2032.0,2032.0,2031.0,2030.0,2027.0,2022.0,2023.0,2025.0,2027.0,2021.0,2021.0,2018.0,2019.0,2021.0,2018.0,2021.0,2015.0,2017.0,2021.0,2016.0,2012.0,3144.0,3523.0,3503.0,3366.0,3481.0,3357.0,3184.0,3293.0,3267.0,3347.0,3011.0,3478.0,3464.0,3266.0,3443.0,3241.0,3442.0,3502.0,3405.0,69.880850257,0.019963431
1404.0,1956.0,2243.0,2013.0,2015.0,2015.0,2016.0,2011.0,2011.0,2007.0,2003.0,2006.0,2007.0,2006.0,2005.0,2004.0,2003.0,1996.0,1999.0,2000.0,1995.0,1998.0,1997.0,1997.0,1995.0,3152.0,3526.0,3506.0,3370.0,3484.0,3360.0,3184.0,3294.0,3265.0,3346.0,3000.0,3475.0,3462.0,3260.0,3441.0,3237.0,3441.0,3502.0,3405.0,69.900850927,0.019938319000000003
1405.0,1955.0,2243.0,1999.0,1997.0,2005.0,2010.0,2012.0,2011.0,2013.0,2012.0,2012.0,2012.0,2011.0,2014.0,2017.0,2015.0,2019.0,2017.0,2020.0,2021.0,2021.0,2022.0,2022.0,2025.0,3160.0,3527.0,3506.0,3373.0,3484.0,3362.0,3184.0,3294.0,3264.0,3346.0,2990.0,3473.0,3460.0,3257.0,3440.0,3235.0,3442.0,3501.0,3405.0,69.920855634,0.019939071000000003
1404.0,1954.0,2242.0,2072.0,2072.0,2079.0,2081.0,2082.0,2084.0,2085.0,2083.0,2084.0,2089.0,2086.0,2092.0,2096.0,2095.0,2096.0,2099.0,2104.0,2108.0,2111.0,2115.0,2106.0,2107.0,3161.0,3528.0,3506.0,3374.0,3484.0,3362.0,3183.0,3294.0,3264.0,3347.0,2991.0,3473.0,3461.0,3259.0,3440.0,3237.0,3441.0,3503.0,3405.0,69.940851537,0.019916648000000002
1405.0,1956.0,2240.0,2116.0,2112.0,2107.0,2112.0,2118.0,2112.0,2108.0,2104.0,2104.0,2111.0,2106.0,2105.0,2110.0,2106.0,2102.0,2105.0,2109.0,2105.0,2103.0,2107.0,2106.0,2107.0,3154.0,3526.0,3506.0,3372.0,3483.0,3361.0,3182.0,3294.0,3264.0,3347.0,2994.0,3475.0,3462.0,3262.0,3442.0,3239.0,3442.0,3501.0,3405.0,69.960849077,0.019930385000000002
1405.0,1955.0,2239.0,2112.0,2110.0,2107.0,2109.0,2107.0,2106.0,2104.0,2101.0,2101.0,2103.0,2103.0,2101.0,2099.0,2096.0,2099.0,2092.0,2092.0,2092.0,2091.0,2094.0,2088.0,2088.0,3150.0,3525.0,3505.0,3370.0,3483.0,3360.0,3182.0,3293.0,3265.0,3347.0,2997.0,3476.0,3462.0,3262.0,3442.0,3240.0,3442.0,3502.0,3406.0,69.980851894,0.019963943
1404.0,1955.0,2240.0,2053.0,2051.0,2051.0,2045.0,2043.0,2040.0,2041.0,2039.0,2038.0,2036.0,2036.0,2029.0,2029.0,2031.0,2027.0,2026.0,2023.0,2021.0,2020.0,2018.0,2010.0,2003.0,3149.0,3526.0,3505.0,3370.0,3484.0,3360.0,3182.0,3293.0,3265.0,3346.0,2996.0,3475.0,3463.0,3264.0,3442.0,3240.0,3443.0,3503.0,3405.0,70.000852731,0.019938601
1404.0,1955.0,2240.0,1974.0,1970.0,1973.0,1969.0,1969.0,1966.0,1965.0,1963.0,1962.0,1960.0,1957.0,1956.0,1953.0,1955.0,1950.0,1944.0,1946.0,1943.0,1940.0,1943.0,1938.0,1938.0,3149.0,3526.0,3506.0,3370.0,3483.0,3360.0,3181.0,3293.0,3266.0,3347.0,2998.0,3476.0,3463.0,3264.0,3442.0,3241.0,3442.0,3502.0,3406.0,70.020851226,0.019932872
1405.0,1956.0,2242.0,1921.0,1920.0,1924.0,1920.0,1918.0,1921.0,1922.0,1927.0,1925.0,1922.0,1924.0,1928.0,1928.0,1930.0,1931.0,1932.0,1936.0,1936.0,1936.0,1942.0,1937.0,1941.0,3146.0,3525.0,3504.0,3369.0,3483.0,3360.0,3182.0,3292.0,3266.0,3347.0,3008.0,3479.0,3466.0,3269.0,3445.0,3245.0,3442.0,3502.0,3406.0,70.040854051,0.01996546
1404.0,1957.0,2243.0,1984.0,1983.0,1987.0,1990.0,1992.0,1995.0,2000.0,2001.0,2001.0,2000.0,2005.0,2005.0,2013.0,2013.0,2015.0,2012.0,2012.0,2017.0,2019.0,2022.0,2024.0,2026.0,3137.0,3522.0,3503.0,3364.0,3481.0,3357.0,3182.0,3291.0,3268.0,3347.0,3021.0,3482.0,3469.0,3275.0,3447.0,3248.0,3442.0,3503.0,3406.0,70.06085237,0.019927656000000002
1404.0,1956.0,2242.0,2057.0,2060.0,2062.0,2061.0,2064.0,2061.0,2061.0,2058.0,2057.0,2059.0,2057.0,2057.0,2058.0,2056.0,2056.0,2057.0,2055.0,2053.0,2051.0,2051.0,2049.0,2043.0,3130.0,3521.0,3501.0,3360.0,3480.0,3355.0,3183.0,3290.0,3269.0,3347.0,3028.0,3484.0,3471.0,3279.0,3448.0,3249.0,3443.0,3503.0,3406.0,70.08085247,0.019937498
1404.0,1957.0,2241.0,2038.0,2037.0,2034.0,2033.0,2032.0,2033.0,2032.0,2035.0,2035.0,2031.0,2033.0,2033.0,2034.0,2032.0,2033.0,2035.0,2036.0,2035.0,2034.0,2036.0,2037.0,2034.0,3128.0,3520.0,3500.0,3359.0,3480.0,3354.0,3182.0,3290.0,3269.0,3348.0,3030.0,3485.0,3470.0,3279.0,3448.0,3250.0,3443.0,3503.0,3405.0,70.10085337,0.019941803
1404.0,1956.0,2243.0,1995.0,1992.0,1991.0,1987.0,1984.0,1980.0,1981.0,1973.0,1969.0,1973.0,1971.0,1963.0,1961.0,1954.0,1953.0,1952.0,1951.0,1956.0,1949.0,1949.0,1943.0,1946.0,3126.0,3520.0,3500.0,3359.0,3479.0,3353.0,3183.0,3290.0,3270.0,3347.0,3035.0,3484.0,3472.0,3281.0,3450.0,3251.0,3443.0,3504.0,3405.0,70.120851723,0.019932755
1404.0,1954.0,2245.0,1912.0,1914.0,1912.0,1910.0,1910.0,1913.0,1911.0,1914.0,1915.0,1912.0,1917.0,1917.0,1920.0,1919.0,1919.0,1917.0,1918.0,1919.0,1918.0,1925.0,1924.0,1927.0,3122.0,3519.0,3498.0,3356.0,3479.0,3350.0,3184.0,3290.0,3271.0,3347.0,3044.0,3486.0,3473.0,3284.0,3450.0,3253.0,3443.0,3503.0,3407.0,70.140853097,0.019967652000000002
1405.0,1956.0,2247.0,1954.0,1953.0,1951.0,1954.0,1952.0,1954.0,1956.0,1958.0,1963.0,1970.0,1971.0,1970.0,1979.0,1978.0,1976.0,1981.0,1982.0,1982.0,1990.0,1996.0,1991.0,1990.0,3117.0,3516.0,3497.0,3352.0,3477.0,3349.0,3185.0,3288.0,3271.0,3346.0,3054.0,3489.0,3475.0,3289.0,3452.0,3257.0,3442.0,3504.0,3406.0,70.160852594,0.019934693
1405.0,1957.0,2246.0,2005.0,2006.0,2003.0,2002.0,2000.0,2002.0,2004.0,2006.0,2005.0,2001.0,2005.0,2002.0,2004.0,2009.0,2009.0,2009.0,2009.0,2009.0,2009.0,2014.0,2008.0,2011.0,3113.0,3516.0,3496.0,3351.0,3476.0,3348.0,3184.0,3288.0,3272.0,3347.0,3055.0,3489.0,3475.0,3289.0,3452.0,3256.0,3442.0,3503.0,3406.0,70.180858853,0.019965274
1405.0,1957.0,2246.0,2035.0,2032.0,2031.0,2036.0,2042.0,2044.0,2043.0,2044.0,2042.0,2041.0,2043.0,2044.0,2044.0,2048.0,2051.0,2051.0,2049.0,2050.0,2054.0,2052.0,2050.0,2046.0,3117.0,3516.0,3497.0,3353.0,3478.0,3349.0,3185.0,3289.0,3271.0,3347.0,3049.0,3487.0,3474.0,3286.0,3451.0,3253.0,3442.0,3503.0,3405.0,70.200856046,0.019924085
1404.0,1960.0,2245.0,2064.0,2064.0,2067.0,2062.0,2061.0,2065.0,2064.0,2064.0,2064.0,2065.0,2057.0,2055.0,2059.0,2056.0,2058.0,2056.0,2060.0,2056.0,2053.0,2058.0,2060.0,2055.0,3125.0,3519.0,3499.0,3357.0,3478.0,3352.0,3184.0,3291.0,3270.0,3347.0,3040.0,3485.0,3471.0,3281.0,3449.0,3250.0,3442.0,3502.0,3405.0,70.220853377,0.019929805000000002
1405.0,1958.0,2245.0,2043.0,2044.0,2049.0,2045.0,2056.0,2056.0,2054.0,2053.0,2051.0,2059.0,2059.0,2058.0,2061.0,2062.0,2060.0,2061.0,2065.0,2070.0,2066.0,2067.0,2062.0,2060.0,3134.0,3521.0,3502.0,3360.0,3481.0,3354.0,3184.0,3291.0,3268.0,3346.0,3030.0,3482.0,3469.0,3275.0,3445.0,3247.0,3442.0,3503.0,3406.0,70.240856595,0.019967756
1404.0,1961.0,2243.0,2067.0,2064.0,2064.0,2061.0,2064.0,2070.0,2074.0,2073.0,2073.0,2072.0,2077.0,2074.0,2079.0,2077.0,2078.0,2077.0,2074.0,2080.0,2082.0,2081.0,2080.0,2080.0,3138.0,3521.0,3502.0,3362.0,3481.0,3354.0,3185.0,3291.0,3268.0,3347.0,3026.0,3482.0,3469.0,3274.0,3446.0,3245.0,3441.0,3503.0,3406.0,70.260852993,0.019929133
1404.0,1961.0,2243.0,2067.0,2072.0,2064.0,2063.0,2065.0,2067.0,2068.0,2065.0,2057.0,2053.0,2052.0,2056.0,2055.0,2050.0,2055.0,2047.0,2045.0,2045.0,2038.0,2043.0,2032.0,2024.0,3133.0,3520.0,3501.0,3361.0,3480.0,3353.0,3184.0,3291.0,3269.0,3347.0,3030.0,3482.0,3469.0,3275.0,3447.0,3247.0,3442.0,3502.0,3405.0,70.280856901,0.019961287
1405.0,1960.0,2243.0,2009.0,2010.0,2015.0,2017.0,2016.0,2022.0,2020.0,2025.0,2030.0,2023.0,2025.0,2027.0,2031.0,2043.0,2042.0,2035.0,2040.0,2043.0,2048.0,2051.0,2047.0,2054.0,3133.0,3520.0,3501.0,3359.0,3480.0,3353.0,3184.0,3291.0,3269.0,3347.0,3030.0,3482.0,3469.0,3275.0,3447.0,3247.0,3443.0,3503.0,3405.0,70.300859186,0.019937125
1404.0,1960.0,2241.0,2102.0,2104.0,2107.0,2106.0,2101.0,2102.0,2106.0,2108.0,2104.0,2115.0,2114.0,2113.0,2113.0,2111.0,2114.0,2114.0,2113.0,2112.0,2108.0,2107.0,2104.0,2106.0,3134.0,3521.0,3500.0,3360.0,3479.0,3353.0,3184.0,3291.0,3269.0,3348.0,3026.0,3482.0,3469.0,3273.0,3445.0,3246.0,3441.0,3502.0,3406.0,70.320854421,0.019923760000000002
1405.0,1960.0,2240.0,2077.0,2080.0,2080.0,2079.0,2084.0,2083.0,2078.0,2078.0,2077.0,2074.0,2070.0,2074.0,2071.0,2067.0,2069.0,2064.0,2061.0,2058.0,2050.0,2047.0,2044.0,2046.0,3139.0,3522.0,3503.0,3364.0,3480.0,3355.0,3184.0,3292.0,3268.0,3347.0,3017.0,3479.0,3466.0,3269.0,3445.0,3243.0,3443.0,3503.0,3406.0,70.340857726,0.019964846
1405.0,1959.0,2243.0,1971.0,1971.0,1971.0,1970.0,1972.0,1976.0,1967.0,1968.0,1964.0,1955.0,1954.0,1954.0,1956.0,1950.0,1952.0,1951.0,1945.0,1940.0,1941.0,1943.0,1938.0,1938.0,3143.0,3523.0,3503.0,3365.0,3481.0,3357.0,3184.0,3292.0,3267.0,3347.0,3015.0,3478.0,3466.0,3269.0,3444.0,3243.0,3442.0,3502.0,3406.0,70.360856432,0.019926633000000003
1405.0,1960.0,2246.0,1893.0,1892.0,1892.0,1891.0,1891.0,1890.0,1883.0,1876.0,1881.0,1879.0,1873.0,1872.0,1868.0,1871.0,1869.0,1867.0,1863.0,1860.0,1863.0,1860.0,1860.0,1864.0,3141.0,3523.0,3502.0,3364.0,3481.0,3355.0,3184.0,3292.0,3268.0,3347.0,3024.0,3480.0,3467.0,3273.0,3446.0,3245.0,3443.0,3503.0,3406.0,70.38085642,0.019934900000000002
1405.0,1961.0,2248.0,1899.0,1899.0,1899.0,1905.0,1909.0,1908.0,1906.0,1910.0,1915.0,1913.0,1915.0,1917.0,1916.0,1921.0,1917.0,1918.0,1921.0,1927.0,1931.0,1938.0,1934.0,1931.0,3137.0,3521.0,3501.0,3362.0,3479.0,3354.0,3183.0,3291.0,3269.0,3347.0,3033.0,3483.0,3470.0,3277.0,3447.0,3248.0,3442.0,3502.0,3405.0,70.400856355,0.019933407
1405.0,1962.0,2247.0,1994.0,1995.0,1996.0,1998.0,2002.0,2007.0,2007.0,2001.0,2007.0,2008.0,2013.0,2015.0,2015.0,2016.0,2021.0,2025.0,2027.0,2028.0,2036.0,2041.0,2035.0,2038.0,3138.0,3521.0,3502.0,3362.0,3481.0,3354.0,3184.0,3291.0,3269.0,3347.0,3031.0,3483.0,3470.0,3276.0,3447.0,3247.0,3442.0,3504.0,3406.0,70.420855806,0.019932509
1405.0,1964.0,2247.0,2049.0,2046.0,2048.0,2047.0,2048.0,2046.0,2044.0,2048.0,2046.0,2042.0,2042.0,2038.0,2039.0,2042.0,2043.0,2045.0,2044.0,2044.0,2046.0,2051.0,2050.0,2047.0,3141.0,3522.0,3502.0,3363.0,3481.0,3357.0,3185.0,3292.0,3267.0,3347.0,3025.0,3480.0,3468.0,3273.0,3445.0,3245.0,3441.0,3503.0,3405.0,70.440862011,0.019966652
1404.0,1964.0,2247.0,2019.0,2016.0,2017.0,2016.0,2014.0,2013.0,2011.0,2008.0,2007.0,2005.0,2008.0,2008.0,2014.0,2014.0,2011.0,2013.0,2015.0,2014.0,2018.0,2019.0,2012.0,2013.0,3145.0,3523.0,3503.0,3366.0,3482.0,3357.0,3184.0,3293.0,3267.0,3347.0,3021.0,3480.0,3467.0,3273.0,3445.0,3245.0,3441.0,3503.0,3406.0,70.460857017,0.01991625
1405.0,1963.0,2247.0,2050.0,2047.0,2052.0,2053.0,2058.0,2053.0,2057.0,2053.0,2055.0,2057.0,2054.0,2051.0,2052.0,2057.0,2055.0,2057.0,2051.0,2050.0,2050.0,2053.0,2049.0,2046.0,3144.0,3522.0,3503.0,3365.0,3482.0,3357.0,3184.0,3291.0,3267.0,3347.0,3022.0,3479.0,3468.0,3272.0,3446.0,3245.0,3442.0,3503.0,3407.0,70.480857573,0.019924424
1405.0,1962.0,2247.0,2021.0,2022.0,2018.0,2020.0,2025.0,2027.0,2029.0,2032.0,2029.0,2030.0,2031.0,2028.0,2031.0,2029.0,2031.0,2034.0,2032.0,2034.0,2035.0,2036.0,2034.0,2038.0,3141.0,3523.0,3502.0,3364.0,3482.0,3356.0,3184.0,3291.0,3268.0,3347.0,3024.0,3481.0,3469.0,3275.0,3447.0,3247.0,3442.0,3503.0,3405.0,70.500859605,0.019942625000000002
1405.0,1964.0,2247.0,2035.0,2035.0,2034.0,2034.0,2031.0,2029.0,2029.0,2029.0,2032.0,2028.0,2029.0,2030.0,2027.0,2030.0,2028.0,2029.0,2027.0,2033.0,2030.0,2034.0,2033.0,2032.0,3137.0,3522.0,3501.0,3363.0,3481.0,3356.0,3184.0,3291.0,3269.0,3347.0,3030.0,3482.0,3470.0,3277.0,3448.0,3249.0,3443.0,3502.0,3407.0,70.520856787,0.019927809
1405.0,1966.0,2246.0,2069.0,2071.0,2071.0,2073.0,2077.0,2079.0,2081.0,2083.0,2080.0,2087.0,2085.0,2086.0,2087.0,2087.0,2085.0,2086.0,2088.0,2088.0,2089.0,2095.0,2091.0,2093.0,3136.0,3522.0,3502.0,3363.0,3481.0,3355.0,3183.0,3291.0,3268.0,3346.0,3028.0,3483.0,3470.0,3277.0,3447.0,3248.0,3442.0,3503.0,3406.0,70.540860122,0.019961374
1406.0,1965.0,2244.0,2096.0,2094.0,2094.0,2096.0,2098.0,2098.0,2098.0,2099.0,2102.0,2101.0,2102.0,2102.0,2098.0,2101.0,2098.0,2098.0,2102.0,2103.0,2107.0,2108.0,2106.0,2099.0,3137.0,3522.0,3503.0,3363.0,3481.0,3356.0,3183.0,3292.0,3268.0,3347.0,3024.0,3481.0,3469.0,3274.0,3447.0,3247.0,3442.0,3502.0,3405.0,70.560858919,0.019928671000000002
1405.0,1962.0,2244.0,2072.0,2067.0,2064.0,2064.0,2062.0,2065.0,2063.0,2061.0,2062.0,2060.0,2061.0,2057.0,2054.0,2054.0,2052.0,2048.0,2044.0,2043.0,2042.0,2044.0,2040.0,2040.0,3139.0,3522.0,3503.0,3364.0,3481.0,3356.0,3184.0,3292.0,3268.0,3347.0,3021.0,3480.0,3468.0,3272.0,3445.0,3246.0,3442.0,3502.0,3405.0,70.580906721,0.019982680000000003
1405.0,1962.0,2244.0,2024.0,2029.0,2026.0,2024.0,2020.0,2023.0,2018.0,2019.0,2019.0,2022.0,2022.0,2020.0,2019.0,2023.0,2023.0,2021.0,2023.0,2025.0,2028.0,2027.0,2030.0,2025.0,3140.0,3523.0,3503.0,3364.0,3482.0,3356.0,3184.0,3291.0,3267.0,3347.0,3022.0,3481.0,3468.0,3272.0,3445.0,3245.0,3442.0,3502.0,3405.0,70.600860894,0.019920683
1406.0,1964.0,2243.0,2048.0,2051.0,2050.0,2054.0,2052.0,2052.0,2054.0,2060.0,2059.0,2057.0,2063.0,2061.0,2061.0,2063.0,2067.0,2068.0,2065.0,2068.0,2072.0,2075.0,2067.0,2070.0,3139.0,3523.0,3502.0,3363.0,3481.0,3355.0,3184.0,3291.0,3268.0,3348.0,3023.0,3481.0,3467.0,3273.0,3445.0,3245.0,3442.0,3502.0,3406.0,70.620858396,0.019927083
1405.0,1966.0,2242.0,2052.0,2051.0,2055.0,2056.0,2051.0,2051.0,2053.0,2055.0,2054.0,2055.0,2052.0,2050.0,2054.0,2050.0,2054.0,2054.0,2060.0,2055.0,2059.0,2061.0,2054.0,2064.0,3138.0,3522.0,3502.0,3362.0,3481.0,3355.0,3184.0,3291.0,3268.0,3347.0,3020.0,3481.0,3468.0,3272.0,3445.0,3244.0,3442.0,3502.0,3405.0,70.640864549,0.019963091000000002
1405.0,1964.0,2242.0,2072.0,2070.0,2073.0,2071.0,2067.0,2066.0,2065.0,2064.0,2064.0,2068.0,2068.0,2067.0,2070.0,2072.0,2069.0,2069.0,2066.0,2067.0,2067.0,2067.0,2068.0,2067.0,3140.0,3522.0,3503.0,3364.0,3480.0,3356.0,3183.0,3292.0,3268.0,3346.0,3018.0,3480.0,3466.0,3269.0,3444.0,3243.0,3442.0,3503.0,3405.0,70.660859621,0.019916464000000002
1405.0,1966.0,2241.0,2054.0,2054.0,2055.0,2053.0,2051.0,2048.0,2049.0,2050.0,2049.0,2049.0,2047.0,2045.0,2042.0,2044.0,2047.0,2043.0,2047.0,2048.0,2042.0,2048.0,2047.0,2049.0,3143.0,3523.0,3503.0,3366.0,3482.0,3357.0,3183.0,3292.0,3266.0,3346.0,3010.0,3479.0,3465.0,3267.0,3444.0,3242.0,3442.0,3503.0,3405.0,70.680860709,0.019933317000000002
1405.0,1967.0,2242.0,2040.0,2032.0,2027.0,2026.0,2030.0,2027.0,2025.0,2027.0,2024.0,2024.0,2025.0,2018.0,2019.0,2018.0,2014.0,2013.0,2015.0,2008.0,2006.0,2005.0,2010.0,2007.0,3148.0,3525.0,3504.0,3368.0,3483.0,3359.0,3184.0,3293.0,3266.0,3347.0,3005.0,3476.0,3464.0,3266.0,3444.0,3240.0,3441.0,3502.0,3405.0,70.700865066,0.019929049
1405.0,1963.0,2242.0,2004.0,2003.0,1999.0,2000.0,1999.0,2002.0,2002.0,1997.0,2000.0,1999.0,1996.0,1991.0,1997.0,1991.0,1995.0,1995.0,1998.0,1997.0,1994.0,1997.0,1988.0,1991.0,3146.0,3523.0,3503.0,3367.0,3483.0,3358.0,3184.0,3293.0,3267.0,3347.0,3009.0,3478.0,3466.0,3268.0,3443.0,3242.0,3443.0,3503.0,3407.0,70.720859629,0.019917538000000002
1405.0,1964.0,2243.0,1964.0,1969.0,1966.0,1966.0,1971.0,1971.0,1971.0,1971.0,1970.0,1970.0,1971.0,1966.0,1972.0,1972.0,1973.0,1974.0,1977.0,1978.0,1979.0,1979.0,1979.0,1983.0,3141.0,3523.0,3503.0,3364.0,3481.0,3357.0,3184.0,3292.0,3267.0,3347.0,3020.0,3481.0,3468.0,3273.0,3446.0,3247.0,3442.0,3502.0,3405.0,70.740863314,0.019963354000000003
1405.0,1965.0,2244.0,2009.0,2010.0,2009.0,2007.0,2005.0,2008.0,2012.0,2009.0,2010.0,2014.0,2012.0,2012.0,2011.0,2010.0,2017.0,2015.0,2016.0,2021.0,2022.0,2023.0,2023.0,2025.0,3133.0,3521.0,3501.0,3361.0,3480.0,3354.0,3184.0,3292.0,3268.0,3347.0,3030.0,3483.0,3470.0,3277.0,3447.0,3248.0,3442.0,3503.0,3406.0,70.760937773,0.020003513
1406.0,1965.0,2243.0,2060.0,2058.0,2054.0,2052.0,2050.0,2049.0,2051.0,2052.0,2051.0,2047.0,2042.0,2043.0,2042.0,2042.0,2043.0,2040.0,2046.0,2042.0,2042.0,2042.0,2038.0,2041.0,3129.0,3520.0,3500.0,3359.0,3479.0,3353.0,3184.0,3291.0,3270.0,3347.0,3033.0,3483.0,3470.0,3277.0,3448.0,3249.0,3442.0,3503.0,3406.0,70.780859651,0.019880400000000003
1406.0,1964.0,2243.0,2011.0,2010.0,2009.0,2006.0,2005.0,2012.0,2013.0,2005.0,2010.0,2007.0,2008.0,2013.0,2006.0,2010.0,2009.0,2016.0,2014.0,2013.0,2012.0,2016.0,2014.0,2015.0,3129.0,3520.0,3500.0,3358.0,3478.0,3353.0,3184.0,3291.0,3270.0,3348.0,3034.0,3484.0,3471.0,3279.0,3449.0,3249.0,3442.0,3503.0,3405.0,70.800861163,0.019967230000000002
1405.0,1967.0,2244.0,1997.0,1998.0,1990.0,1993.0,1996.0,1992.0,1991.0,1991.0,1989.0,1984.0,1990.0,1987.0,1991.0,1993.0,1997.0,1995.0,1998.0,1998.0,2001.0,2004.0,2000.0,1999.0,3124.0,3520.0,3498.0,3356.0,3477.0,3352.0,3184.0,3290.0,3270.0,3347.0,3042.0,3486.0,3472.0,3281.0,3450.0,3251.0,3443.0,3503.0,3406.0,70.820860739,0.019933945
