position 3_tdc_data,position 3_tac_data,position 3_pdc_data,position 3_pac_data_0,position 3_pac_data_1,position 3_pac_data_2,position 3_pac_data_3,position 3_pac_data_4,position 3_pac_data_5,position 3_pac_data_6,position 3_pac_data_7,position 3_pac_data_8,position 3_pac_data_9,position 3_pac_data_10,position 3_pac_data_11,position 3_pac_data_12,position 3_pac_data_13,position 3_pac_data_14,position 3_pac_data_15,position 3_pac_data_16,position 3_pac_data_17,position 3_pac_data_18,position 3_pac_data_19,position 3_pac_data_20,position 3_pac_data_21,position 3_elec_data_0,position 3_elec_data_1,position 3_elec_data_2,position 3_elec_data_3,position 3_elec_data_4,position 3_elec_data_5,position 3_elec_data_6,position 3_elec_data_7,position 3_elec_data_8,position 3_elec_data_9,position 3_elec_data_10,position 3_elec_data_11,position 3_elec_data_12,position 3_elec_data_13,position 3_elec_data_14,position 3_elec_data_15,position 3_elec_data_16,position 3_elec_data_17,position 3_elec_data_18,header_from_controller_start,frame_collection_from_header
1375.0,1973.0,2169.0,2026.0,2022.0,2021.0,2020.0,2019.0,2018.0,2020.0,2021.0,2019.0,2019.0,2017.0,2020.0,2020.0,2018.0,2021.0,2016.0,2014.0,2015.0,2019.0,2020.0,2020.0,2016.0,3102.0,3514.0,3492.0,3348.0,3471.0,3347.0,3166.0,3282.0,3256.0,3338.0,2957.0,3468.0,3452.0,3249.0,3433.0,3228.0,3435.0,3494.0,3394.0,21.260264928,0.019967139000000002
1375.0,1971.0,2169.0,2019.0,2020.0,2020.0,2021.0,2019.0,2024.0,2021.0,2021.0,2021.0,2019.0,2020.0,2019.0,2019.0,2021.0,2020.0,2016.0,2018.0,2019.0,2016.0,2017.0,2013.0,2013.0,3102.0,3515.0,3492.0,3348.0,3471.0,3347.0,3165.0,3282.0,3256.0,3338.0,2958.0,3467.0,3453.0,3249.0,3432.0,3229.0,3436.0,3492.0,3394.0,21.28026257,0.019914935
1375.0,1972.0,2169.0,2020.0,2026.0,2025.0,2025.0,2022.0,2025.0,2026.0,2026.0,2027.0,2029.0,2030.0,2035.0,2034.0,2032.0,2034.0,2033.0,2035.0,2041.0,2043.0,2045.0,2037.0,2038.0,3103.0,3514.0,3492.0,3348.0,3471.0,3348.0,3166.0,3281.0,3256.0,3338.0,2958.0,3467.0,3453.0,3249.0,3433.0,3229.0,3435.0,3492.0,3394.0,21.300261828,0.019898999
1376.0,1970.0,2169.0,2032.0,2029.0,2029.0,2029.0,2030.0,2028.0,2029.0,2027.0,2025.0,2026.0,2026.0,2026.0,2027.0,2024.0,2027.0,2027.0,2027.0,2029.0,2028.0,2032.0,2029.0,2025.0,3102.0,3514.0,3493.0,3349.0,3470.0,3346.0,3165.0,3281.0,3256.0,3338.0,2958.0,3468.0,3452.0,3250.0,3432.0,3229.0,3436.0,3492.0,3394.0,21.320258468,0.019926203
1376.0,1970.0,2169.0,2030.0,2032.0,2033.0,2034.0,2033.0,2037.0,2033.0,2033.0,2035.0,2035.0,2035.0,2034.0,2037.0,2035.0,2032.0,2033.0,2030.0,2030.0,2029.0,2032.0,2030.0,2029.0,3102.0,3514.0,3492.0,3347.0,3470.0,3348.0,3166.0,3282.0,3256.0,3338.0,2957.0,3468.0,3452.0,3249.0,3431.0,3230.0,3435.0,3493.0,3393.0,21.340262372,0.019961667000000002
1376.0,1971.0,2169.0,2026.0,2024.0,2026.0,2023.0,2021.0,2026.0,2027.0,2022.0,2020.0,2019.0,2025.0,2019.0,2021.0,2019.0,2018.0,2016.0,2015.0,2015.0,2015.0,2018.0,2013.0,2013.0,3102.0,3514.0,3491.0,3348.0,3470.0,3347.0,3166.0,3282.0,3256.0,3338.0,2958.0,3468.0,3451.0,3250.0,3433.0,3229.0,3435.0,3493.0,3394.0,21.360262502,0.019940117
1376.0,1970.0,2169.0,2021.0,2015.0,2016.0,2019.0,2017.0,2015.0,2018.0,2015.0,2017.0,2017.0,2018.0,2013.0,2017.0,2018.0,2018.0,2018.0,2016.0,2018.0,2020.0,2021.0,2019.0,2017.0,3103.0,3515.0,3492.0,3347.0,3470.0,3347.0,3165.0,3282.0,3256.0,3339.0,2957.0,3468.0,3452.0,3249.0,3433.0,3229.0,3436.0,3492.0,3393.0,21.380259802,0.01992888
1375.0,1970.0,2169.0,2020.0,2026.0,2021.0,2021.0,2022.0,2021.0,2025.0,2024.0,2024.0,2027.0,2030.0,2028.0,2031.0,2032.0,2032.0,2033.0,2030.0,2031.0,2031.0,2030.0,2028.0,2029.0,3103.0,3514.0,3492.0,3348.0,3471.0,3347.0,3165.0,3282.0,3256.0,3338.0,2958.0,3468.0,3452.0,3249.0,3433.0,3228.0,3435.0,3493.0,3394.0,21.400263006,0.019956817
1375.0,1970.0,2169.0,2028.0,2022.0,2024.0,2025.0,2027.0,2026.0,2028.0,2028.0,2023.0,2026.0,2029.0,2030.0,2030.0,2031.0,2027.0,2030.0,2035.0,2032.0,2032.0,2037.0,2035.0,2033.0,3102.0,3515.0,3492.0,3348.0,3470.0,3346.0,3165.0,3282.0,3256.0,3337.0,2957.0,3467.0,3452.0,3249.0,3431.0,3229.0,3436.0,3493.0,3393.0,21.420260349,0.019924827000000003
1376.0,1971.0,2170.0,2036.0,2035.0,2035.0,2034.0,2035.0,2035.0,2038.0,2037.0,2034.0,2034.0,2034.0,2033.0,2034.0,2034.0,2025.0,2022.0,2024.0,2027.0,2028.0,2026.0,2022.0,2019.0,3102.0,3515.0,3492.0,3348.0,3470.0,3347.0,3166.0,3282.0,3257.0,3338.0,2958.0,3468.0,3453.0,3249.0,3433.0,3228.0,3436.0,3493.0,3394.0,21.440292091,0.019985808
1376.0,1970.0,2169.0,2026.0,2025.0,2025.0,2022.0,2021.0,2025.0,2025.0,2023.0,2020.0,2018.0,2020.0,2022.0,2021.0,2020.0,2020.0,2017.0,2017.0,2016.0,2015.0,2019.0,2018.0,2022.0,3102.0,3515.0,3492.0,3348.0,3470.0,3347.0,3165.0,3282.0,3257.0,3338.0,2958.0,3467.0,3452.0,3249.0,3432.0,3228.0,3436.0,3493.0,3394.0,21.460296287,0.019954681000000002
1376.0,1970.0,2169.0,2021.0,2022.0,2024.0,2023.0,2021.0,2022.0,2021.0,2024.0,2024.0,2021.0,2025.0,2023.0,2022.0,2023.0,2024.0,2021.0,2021.0,2020.0,2022.0,2021.0,2021.0,2020.0,3103.0,3515.0,3492.0,3348.0,3471.0,3346.0,3165.0,3282.0,3256.0,3338.0,2957.0,3468.0,3452.0,3249.0,3432.0,3228.0,3436.0,3492.0,3394.0,21.48026106,0.019929151000000003
1376.0,1971.0,2170.0,2021.0,2019.0,2022.0,2024.0,2024.0,2027.0,2023.0,2025.0,2026.0,2023.0,2021.0,2021.0,2019.0,2020.0,2019.0,2017.0,2017.0,2020.0,2017.0,2022.0,2022.0,2018.0,3102.0,3514.0,3492.0,3347.0,3470.0,3346.0,3166.0,3282.0,3257.0,3338.0,2958.0,3467.0,3453.0,3249.0,3432.0,3229.0,3435.0,3492.0,3394.0,21.500263958,0.019959755000000003
1376.0,1972.0,2169.0,2021.0,2025.0,2027.0,2026.0,2023.0,2021.0,2026.0,2027.0,2029.0,2029.0,2029.0,2028.0,2028.0,2029.0,2028.0,2028.0,2024.0,2026.0,2026.0,2026.0,2024.0,2030.0,3102.0,3514.0,3492.0,3348.0,3470.0,3347.0,3165.0,3281.0,3257.0,3338.0,2957.0,3467.0,3452.0,3249.0,3432.0,3230.0,3435.0,3493.0,3394.0,21.520261993,0.019924889
1375.0,1970.0,2170.0,2026.0,2026.0,2028.0,2024.0,2025.0,2026.0,2019.0,2015.0,2016.0,2013.0,2014.0,2015.0,2015.0,2013.0,2011.0,2014.0,2010.0,2010.0,2010.0,2018.0,2013.0,2014.0,3102.0,3514.0,3492.0,3348.0,3471.0,3347.0,3165.0,3282.0,3257.0,3338.0,2957.0,3468.0,3453.0,3250.0,3433.0,3229.0,3436.0,3493.0,3394.0,21.540261324,0.019950189
1375.0,1969.0,2170.0,2043.0,2042.0,2043.0,2044.0,2045.0,2042.0,2045.0,2044.0,2043.0,2043.0,2039.0,2043.0,2038.0,2037.0,2038.0,2041.0,2040.0,2039.0,2038.0,2040.0,2036.0,2040.0,3103.0,3514.0,3492.0,3348.0,3470.0,3346.0,3165.0,3282.0,3256.0,3339.0,2957.0,3469.0,3452.0,3249.0,3433.0,3228.0,3436.0,3493.0,3395.0,21.560264685,0.019958439
1376.0,1968.0,2170.0,2027.0,2024.0,2026.0,2026.0,2028.0,2029.0,2029.0,2029.0,2029.0,2027.0,2025.0,2028.0,2027.0,2026.0,2026.0,2029.0,2029.0,2027.0,2032.0,2035.0,2028.0,2029.0,3102.0,3514.0,3493.0,3348.0,3472.0,3347.0,3166.0,3282.0,3256.0,3338.0,2957.0,3468.0,3453.0,3249.0,3433.0,3229.0,3436.0,3493.0,3394.0,21.58026311,0.019930832000000002
1376.0,1968.0,2170.0,2014.0,2016.0,2016.0,2016.0,2015.0,2017.0,2016.0,2016.0,2017.0,2017.0,2016.0,2020.0,2021.0,2017.0,2015.0,2019.0,2021.0,2022.0,2016.0,2020.0,2017.0,2019.0,3102.0,3514.0,3492.0,3348.0,3471.0,3347.0,3165.0,3282.0,3256.0,3339.0,2957.0,3467.0,3453.0,3249.0,3433.0,3229.0,3435.0,3492.0,3394.0,21.600265803,0.019941788000000002
1376.0,1969.0,2170.0,2008.0,2008.0,2008.0,2007.0,2009.0,2012.0,2009.0,2008.0,2008.0,2009.0,2008.0,2010.0,2011.0,2013.0,2013.0,2015.0,2017.0,2014.0,2012.0,2016.0,2014.0,2014.0,3102.0,3514.0,3493.0,3348.0,3471.0,3347.0,3165.0,3282.0,3257.0,3338.0,2957.0,3467.0,3453.0,3250.0,3432.0,3229.0,3435.0,3493.0,3394.0,21.620262242,0.019926453
1376.0,1969.0,2170.0,2028.0,2026.0,2029.0,2025.0,2025.0,2028.0,2025.0,2027.0,2025.0,2026.0,2025.0,2025.0,2027.0,2029.0,2028.0,2030.0,2028.0,2030.0,2031.0,2028.0,2023.0,2020.0,3103.0,3514.0,3492.0,3348.0,3470.0,3347.0,3165.0,3282.0,3257.0,3337.0,2957.0,3467.0,3453.0,3249.0,3432.0,3229.0,3435.0,3492.0,3394.0,21.640263631,0.019957088
1376.0,1968.0,2170.0,2028.0,2028.0,2026.0,2028.0,2029.0,2030.0,2023.0,2025.0,2025.0,2026.0,2022.0,2021.0,2022.0,2023.0,2023.0,2021.0,2023.0,2022.0,2023.0,2025.0,2024.0,2021.0,3102.0,3514.0,3492.0,3348.0,3470.0,3347.0,3166.0,3281.0,3256.0,3338.0,2957.0,3467.0,3452.0,3249.0,3433.0,3229.0,3436.0,3493.0,3394.0,21.66026449,0.019946917
1376.0,1968.0,2170.0,2023.0,2022.0,2025.0,2025.0,2024.0,2024.0,2024.0,2020.0,2025.0,2026.0,2025.0,2025.0,2026.0,2023.0,2023.0,2024.0,2024.0,2029.0,2030.0,2031.0,2029.0,2029.0,3103.0,3515.0,3492.0,3348.0,3470.0,3346.0,3166.0,3282.0,3256.0,3339.0,2958.0,3467.0,3452.0,3250.0,3432.0,3229.0,3435.0,3493.0,3394.0,21.680263022,0.019935705
1376.0,1966.0,2169.0,2026.0,2028.0,2029.0,2026.0,2030.0,2030.0,2027.0,2029.0,2031.0,2027.0,2031.0,2028.0,2032.0,2031.0,2036.0,2035.0,2038.0,2033.0,2038.0,2035.0,2032.0,2035.0,3102.0,3514.0,3492.0,3348.0,3471.0,3347.0,3166.0,3283.0,3255.0,3337.0,2957.0,3468.0,3453.0,3249.0,3433.0,3230.0,3435.0,3493.0,3394.0,21.70026446,0.019960759
1376.0,1969.0,2171.0,2032.0,2032.0,2031.0,2031.0,2030.0,2030.0,2029.0,2031.0,2033.0,2032.0,2027.0,2027.0,2031.0,2024.0,2025.0,2025.0,2027.0,2027.0,2028.0,2024.0,2019.0,2022.0,3103.0,3514.0,3492.0,3348.0,3471.0,3347.0,3166.0,3281.0,3256.0,3338.0,2957.0,3467.0,3453.0,3249.0,3432.0,3229.0,3436.0,3493.0,3394.0,21.720262528,0.019928851
1376.0,1970.0,2170.0,2020.0,2022.0,2020.0,2020.0,2021.0,2023.0,2023.0,2021.0,2019.0,2018.0,2018.0,2021.0,2025.0,2028.0,2024.0,2021.0,2019.0,2019.0,2022.0,2022.0,2022.0,2020.0,3103.0,3515.0,3491.0,3347.0,3470.0,3346.0,3165.0,3282.0,3256.0,3339.0,2958.0,3467.0,3453.0,3249.0,3432.0,3229.0,3435.0,3493.0,3394.0,21.740265362,0.019962545
1376.0,1973.0,2170.0,2043.0,2039.0,2040.0,2038.0,2034.0,2037.0,2035.0,2035.0,2037.0,2037.0,2039.0,2045.0,2045.0,2044.0,2043.0,2047.0,2046.0,2044.0,2042.0,2043.0,2040.0,2036.0,3103.0,3514.0,3493.0,3348.0,3470.0,3347.0,3166.0,3282.0,3256.0,3338.0,2957.0,3467.0,3452.0,3249.0,3432.0,3229.0,3436.0,3493.0,3395.0,21.760265518,0.019945274000000002
1376.0,1970.0,2170.0,2025.0,2026.0,2025.0,2027.0,2023.0,2021.0,2020.0,2019.0,2020.0,2019.0,2019.0,2019.0,2025.0,2024.0,2026.0,2023.0,2023.0,2021.0,2019.0,2023.0,2019.0,2018.0,3102.0,3514.0,3493.0,3349.0,3471.0,3347.0,3165.0,3282.0,3256.0,3338.0,2957.0,3467.0,3453.0,3249.0,3432.0,3229.0,3436.0,3492.0,3394.0,21.780263787,0.019934304
1376.0,1970.0,2170.0,2017.0,2019.0,2020.0,2020.0,2019.0,2019.0,2016.0,2019.0,2021.0,2022.0,2018.0,2017.0,2016.0,2018.0,2020.0,2015.0,2018.0,2016.0,2012.0,2020.0,2021.0,2017.0,3102.0,3515.0,3492.0,3348.0,3471.0,3346.0,3166.0,3282.0,3256.0,3338.0,2957.0,3468.0,3453.0,3250.0,3432.0,3229.0,3435.0,3493.0,3394.0,21.800265982,0.019944041000000003
1376.0,1971.0,2169.0,2025.0,2027.0,2028.0,2030.0,2029.0,2029.0,2029.0,2029.0,2029.0,2031.0,2034.0,2032.0,2031.0,2026.0,2023.0,2022.0,2025.0,2027.0,2026.0,2029.0,2028.0,2025.0,3102.0,3514.0,3493.0,3348.0,3471.0,3347.0,3165.0,3282.0,3257.0,3339.0,2957.0,3467.0,3454.0,3249.0,3432.0,3229.0,3436.0,3493.0,3393.0,21.820265173,0.019931488
1376.0,1972.0,2170.0,2036.0,2038.0,2038.0,2039.0,2042.0,2041.0,2037.0,2039.0,2037.0,2034.0,2038.0,2037.0,2035.0,2032.0,2032.0,2031.0,2030.0,2035.0,2036.0,2032.0,2033.0,2033.0,3103.0,3514.0,3493.0,3348.0,3471.0,3346.0,3166.0,3282.0,3256.0,3337.0,2957.0,3468.0,3453.0,3249.0,3432.0,3229.0,3435.0,3492.0,3394.0,21.840264003,0.019955638
1376.0,1973.0,2170.0,2020.0,2017.0,2018.0,2018.0,2017.0,2019.0,2016.0,2010.0,2014.0,2016.0,2016.0,2017.0,2015.0,2016.0,2014.0,2015.0,2016.0,2020.0,2019.0,2017.0,2016.0,2021.0,3102.0,3515.0,3492.0,3348.0,3469.0,3347.0,3166.0,3282.0,3256.0,3337.0,2957.0,3467.0,3453.0,3249.0,3432.0,3229.0,3436.0,3492.0,3395.0,21.860271401,0.019967275
1376.0,1973.0,2170.0,2030.0,2027.0,2025.0,2027.0,2030.0,2032.0,2030.0,2029.0,2031.0,2035.0,2034.0,2030.0,2030.0,2030.0,2028.0,2030.0,2027.0,2027.0,2027.0,2029.0,2026.0,2028.0,3103.0,3515.0,3493.0,3347.0,3471.0,3347.0,3165.0,3282.0,3256.0,3338.0,2957.0,3467.0,3453.0,3249.0,3433.0,3230.0,3435.0,3492.0,3393.0,21.880264482,0.019916712
1376.0,1973.0,2170.0,2025.0,2021.0,2027.0,2027.0,2028.0,2023.0,2028.0,2028.0,2028.0,2028.0,2027.0,2026.0,2027.0,2025.0,2031.0,2023.0,2028.0,2028.0,2024.0,2025.0,2022.0,2022.0,3103.0,3514.0,3493.0,3348.0,3471.0,3347.0,3166.0,3282.0,3257.0,3339.0,2957.0,3467.0,3453.0,3250.0,3433.0,3228.0,3435.0,3492.0,3394.0,21.90026473,0.019962159
1376.0,1972.0,2170.0,2023.0,2019.0,2019.0,2021.0,2021.0,2023.0,2025.0,2024.0,2024.0,2024.0,2024.0,2020.0,2023.0,2022.0,2023.0,2025.0,2026.0,2022.0,2020.0,2023.0,2023.0,2023.0,3103.0,3515.0,3492.0,3348.0,3471.0,3346.0,3165.0,3281.0,3256.0,3339.0,2957.0,3468.0,3453.0,3249.0,3432.0,3229.0,3435.0,3492.0,3394.0,21.92026503,0.019963905
1376.0,1971.0,2170.0,2019.0,2019.0,2017.0,2014.0,2015.0,2014.0,2015.0,2010.0,2014.0,2011.0,2013.0,2010.0,2013.0,2013.0,2012.0,2011.0,2010.0,2014.0,2015.0,2021.0,2018.0,2019.0,3102.0,3515.0,3491.0,3348.0,3472.0,3347.0,3165.0,3282.0,3257.0,3338.0,2957.0,3468.0,3453.0,3250.0,3433.0,3229.0,3436.0,3493.0,3393.0,21.940267809,0.019962954
1376.0,1971.0,2171.0,2016.0,2017.0,2017.0,2010.0,2015.0,2016.0,2015.0,2016.0,2021.0,2019.0,2013.0,2016.0,2018.0,2016.0,2017.0,2015.0,2016.0,2015.0,2014.0,2016.0,2013.0,2015.0,3102.0,3515.0,3492.0,3348.0,3471.0,3346.0,3166.0,3282.0,3256.0,3338.0,2958.0,3468.0,3453.0,3250.0,3433.0,3229.0,3436.0,3493.0,3394.0,21.960271146,0.019944534
1376.0,1971.0,2171.0,2037.0,2035.0,2037.0,2037.0,2035.0,2036.0,2042.0,2039.0,2040.0,2038.0,2035.0,2034.0,2041.0,2042.0,2038.0,2037.0,2038.0,2040.0,2037.0,2039.0,2036.0,2038.0,3102.0,3515.0,3493.0,3348.0,3471.0,3347.0,3166.0,3282.0,3256.0,3338.0,2957.0,3467.0,3453.0,3249.0,3433.0,3229.0,3436.0,3493.0,3394.0,21.98026706,0.019916910000000003
1376.0,1971.0,2170.0,2029.0,2029.0,2027.0,2023.0,2024.0,2025.0,2025.0,2025.0,2026.0,2026.0,2020.0,2024.0,2024.0,2023.0,2022.0,2024.0,2023.0,2024.0,2026.0,2029.0,2023.0,2023.0,3103.0,3515.0,3493.0,3348.0,3471.0,3347.0,3165.0,3282.0,3257.0,3338.0,2957.0,3468.0,3453.0,3250.0,3432.0,3229.0,3436.0,3492.0,3394.0,22.000270294,0.019961532
1376.0,1972.0,2171.0,2035.0,2033.0,2029.0,2032.0,2032.0,2025.0,2021.0,2020.0,2016.0,2013.0,2014.0,2013.0,2016.0,2017.0,2016.0,2016.0,2015.0,2016.0,2019.0,2022.0,2023.0,2023.0,3102.0,3515.0,3493.0,3348.0,3471.0,3347.0,3166.0,3282.0,3256.0,3339.0,2958.0,3468.0,3453.0,3250.0,3432.0,3228.0,3436.0,3492.0,3395.0,22.020266984,0.019927418000000002
1376.0,1971.0,2171.0,2029.0,2030.0,2028.0,2029.0,2032.0,2034.0,2029.0,2029.0,2029.0,2029.0,2029.0,2028.0,2022.0,2024.0,2025.0,2025.0,2025.0,2023.0,2021.0,2028.0,2023.0,2022.0,3103.0,3514.0,3492.0,3348.0,3471.0,3347.0,3165.0,3281.0,3255.0,3337.0,2958.0,3468.0,3453.0,3249.0,3433.0,3229.0,3436.0,3493.0,3394.0,22.040266918,0.019960251000000002
1376.0,1973.0,2170.0,2026.0,2027.0,2025.0,2028.0,2029.0,2029.0,2029.0,2027.0,2029.0,2033.0,2034.0,2032.0,2034.0,2030.0,2031.0,2032.0,2031.0,2033.0,2033.0,2037.0,2037.0,2034.0,3101.0,3515.0,3493.0,3347.0,3470.0,3347.0,3166.0,3282.0,3256.0,3337.0,2957.0,3468.0,3453.0,3249.0,3433.0,3229.0,3436.0,3493.0,3394.0,22.060270763,0.019973428
1376.0,1973.0,2170.0,2032.0,2030.0,2026.0,2032.0,2028.0,2030.0,2030.0,2029.0,2028.0,2027.0,2033.0,2028.0,2031.0,2031.0,2027.0,2023.0,2023.0,2026.0,2022.0,2026.0,2021.0,2021.0,3102.0,3515.0,3493.0,3348.0,3471.0,3347.0,3166.0,3282.0,3257.0,3337.0,2957.0,3467.0,3454.0,3249.0,3432.0,3229.0,3435.0,3493.0,3394.0,22.080269826,0.019931895
1376.0,1974.0,2170.0,2011.0,2013.0,2015.0,2013.0,2015.0,2011.0,2012.0,2011.0,2011.0,2009.0,2009.0,2008.0,2006.0,2009.0,2011.0,2009.0,2014.0,2007.0,2010.0,2012.0,2010.0,2010.0,3102.0,3515.0,3493.0,3348.0,3472.0,3347.0,3166.0,3281.0,3256.0,3339.0,2957.0,3467.0,3453.0,3250.0,3433.0,3229.0,3435.0,3492.0,3394.0,22.100271453,0.019915795
1377.0,1973.0,2171.0,2025.0,2025.0,2027.0,2025.0,2025.0,2027.0,2025.0,2026.0,2023.0,2024.0,2020.0,2018.0,2021.0,2021.0,2023.0,2020.0,2023.0,2024.0,2025.0,2027.0,2026.0,2025.0,3102.0,3515.0,3492.0,3348.0,3472.0,3347.0,3165.0,3281.0,3256.0,3338.0,2958.0,3468.0,3454.0,3251.0,3433.0,3229.0,3435.0,3493.0,3394.0,22.120268047,0.019931074
1377.0,1973.0,2171.0,2024.0,2026.0,2033.0,2030.0,2037.0,2035.0,2033.0,2028.0,2031.0,2030.0,2031.0,2030.0,2028.0,2029.0,2029.0,2034.0,2031.0,2029.0,2032.0,2029.0,2030.0,2033.0,3102.0,3515.0,3492.0,3348.0,3471.0,3347.0,3166.0,3282.0,3256.0,3339.0,2957.0,3467.0,3453.0,3249.0,3432.0,3229.0,3437.0,3493.0,3395.0,22.14026908,0.019958972000000002
1377.0,1975.0,2171.0,2026.0,2029.0,2028.0,2029.0,2031.0,2029.0,2030.0,2028.0,2031.0,2030.0,2031.0,2031.0,2035.0,2034.0,2037.0,2035.0,2034.0,2033.0,2033.0,2036.0,2034.0,2030.0,3103.0,3515.0,3493.0,3348.0,3470.0,3347.0,3166.0,3282.0,3257.0,3338.0,2957.0,3467.0,3453.0,3250.0,3433.0,3229.0,3436.0,3492.0,3394.0,22.160270307,0.019966494
1377.0,1973.0,2170.0,2030.0,2031.0,2031.0,2030.0,2025.0,2027.0,2028.0,2023.0,2028.0,2028.0,2028.0,2029.0,2028.0,2026.0,2029.0,2027.0,2029.0,2030.0,2030.0,2029.0,2022.0,2027.0,3103.0,3514.0,3492.0,3349.0,3472.0,3348.0,3165.0,3282.0,3256.0,3338.0,2958.0,3467.0,3452.0,3249.0,3432.0,3229.0,3436.0,3492.0,3394.0,22.180270053,0.019936498
1376.0,1973.0,2171.0,2024.0,2022.0,2023.0,2022.0,2022.0,2023.0,2027.0,2024.0,2023.0,2021.0,2021.0,2021.0,2015.0,2016.0,2017.0,2018.0,2013.0,2014.0,2014.0,2015.0,2012.0,2014.0,3103.0,3514.0,3492.0,3349.0,3471.0,3347.0,3166.0,3282.0,3257.0,3339.0,2958.0,3468.0,3453.0,3249.0,3432.0,3229.0,3436.0,3493.0,3394.0,22.20027215,0.019957718000000003
1377.0,1971.0,2171.0,2016.0,2012.0,2014.0,2019.0,2013.0,2014.0,2013.0,2014.0,2018.0,2018.0,2014.0,2017.0,2018.0,2020.0,2020.0,2016.0,2021.0,2021.0,2018.0,2021.0,2021.0,2025.0,3102.0,3515.0,3494.0,3348.0,3471.0,3346.0,3166.0,3282.0,3256.0,3338.0,2958.0,3468.0,3453.0,3250.0,3433.0,3229.0,3436.0,3492.0,3394.0,22.220268533,0.019934799
1376.0,1972.0,2170.0,2027.0,2028.0,2028.0,2028.0,2033.0,2030.0,2029.0,2028.0,2032.0,2033.0,2037.0,2036.0,2039.0,2040.0,2038.0,2038.0,2039.0,2040.0,2038.0,2041.0,2039.0,2041.0,3103.0,3514.0,3492.0,3348.0,3471.0,3347.0,3166.0,3282.0,3257.0,3338.0,2957.0,3467.0,3453.0,3250.0,3433.0,3229.0,3436.0,3493.0,3394.0,22.240269317,0.019962589000000003
1377.0,1973.0,2170.0,2032.0,2030.0,2026.0,2032.0,2033.0,2029.0,2034.0,2034.0,2032.0,2032.0,2035.0,2035.0,2035.0,2036.0,2034.0,2035.0,2036.0,2033.0,2035.0,2038.0,2031.0,2028.0,3102.0,3515.0,3492.0,3348.0,3473.0,3347.0,3166.0,3283.0,3256.0,3337.0,2957.0,3468.0,3452.0,3249.0,3433.0,3229.0,3436.0,3493.0,3394.0,22.260271928,0.019964578
1376.0,1975.0,2171.0,2012.0,2016.0,2014.0,2011.0,2014.0,2013.0,2012.0,2012.0,2009.0,2012.0,2011.0,2013.0,2015.0,2013.0,2014.0,2012.0,2011.0,2015.0,2010.0,2013.0,2010.0,2010.0,3103.0,3515.0,3493.0,3349.0,3471.0,3347.0,3166.0,3283.0,3257.0,3338.0,2957.0,3467.0,3452.0,3249.0,3432.0,3228.0,3436.0,3493.0,3394.0,22.280269833,0.019933829
1376.0,1972.0,2171.0,2009.0,2008.0,2006.0,2003.0,2004.0,2003.0,2004.0,2006.0,2003.0,2007.0,2008.0,2010.0,2010.0,2009.0,2007.0,2007.0,2005.0,2009.0,2010.0,2015.0,2015.0,2015.0,3102.0,3515.0,3492.0,3347.0,3471.0,3347.0,3165.0,3281.0,3256.0,3337.0,2958.0,3468.0,3452.0,3249.0,3432.0,3229.0,3436.0,3493.0,3394.0,22.300271678,0.01995721
1376.0,1972.0,2172.0,2031.0,2030.0,2031.0,2027.0,2024.0,2018.0,2017.0,2018.0,2015.0,2020.0,2021.0,2020.0,2020.0,2018.0,2023.0,2021.0,2013.0,2014.0,2016.0,2020.0,2015.0,2017.0,3103.0,3515.0,3491.0,3348.0,3471.0,3347.0,3167.0,3283.0,3256.0,3338.0,2957.0,3468.0,3452.0,3250.0,3433.0,3229.0,3436.0,3493.0,3394.0,22.320269833,0.019937347
1376.0,1973.0,2171.0,2038.0,2040.0,2038.0,2035.0,2036.0,2035.0,2034.0,2033.0,2030.0,2032.0,2034.0,2037.0,2037.0,2035.0,2031.0,2031.0,2032.0,2035.0,2035.0,2038.0,2033.0,2033.0,3102.0,3514.0,3493.0,3349.0,3472.0,3347.0,3165.0,3282.0,3256.0,3339.0,2957.0,3469.0,3452.0,3249.0,3433.0,3228.0,3435.0,3493.0,3394.0,22.340271115,0.019962924
1376.0,1973.0,2171.0,2030.0,2031.0,2027.0,2029.0,2026.0,2026.0,2026.0,2028.0,2024.0,2025.0,2029.0,2031.0,2031.0,2029.0,2030.0,2028.0,2028.0,2029.0,2027.0,2031.0,2029.0,2026.0,3102.0,3515.0,3493.0,3348.0,3471.0,3348.0,3165.0,3282.0,3257.0,3338.0,2957.0,3467.0,3452.0,3250.0,3431.0,3229.0,3436.0,3493.0,3394.0,22.360272842,0.019963828000000003
1376.0,1971.0,2171.0,2029.0,2030.0,2028.0,2026.0,2027.0,2026.0,2028.0,2027.0,2024.0,2026.0,2023.0,2024.0,2021.0,2027.0,2026.0,2025.0,2028.0,2025.0,2026.0,2027.0,2021.0,2024.0,3102.0,3515.0,3492.0,3347.0,3470.0,3348.0,3165.0,3282.0,3257.0,3338.0,2957.0,3468.0,3452.0,3249.0,3432.0,3228.0,3436.0,3493.0,3394.0,22.380274527,0.019936801
1376.0,1972.0,2171.0,2029.0,2036.0,2033.0,2030.0,2028.0,2028.0,2025.0,2022.0,2023.0,2022.0,2021.0,2019.0,2023.0,2018.0,2017.0,2017.0,2017.0,2018.0,2021.0,2019.0,2014.0,2018.0,3102.0,3514.0,3493.0,3349.0,3471.0,3347.0,3167.0,3282.0,3256.0,3338.0,2958.0,3468.0,3453.0,3250.0,3433.0,3230.0,3436.0,3493.0,3394.0,22.400274189,0.01991729
1376.0,1971.0,2171.0,2016.0,2016.0,2016.0,2018.0,2016.0,2022.0,2023.0,2028.0,2028.0,2024.0,2026.0,2030.0,2029.0,2033.0,2034.0,2036.0,2035.0,2033.0,2032.0,2041.0,2038.0,2039.0,3103.0,3514.0,3493.0,3348.0,3471.0,3347.0,3166.0,3282.0,3256.0,3337.0,2957.0,3468.0,3453.0,3250.0,3433.0,3229.0,3436.0,3493.0,3394.0,22.420270844,0.019935609
1376.0,1972.0,2171.0,2027.0,2028.0,2029.0,2026.0,2027.0,2027.0,2026.0,2026.0,2027.0,2028.0,2027.0,2026.0,2023.0,2026.0,2029.0,2030.0,2029.0,2024.0,2027.0,2028.0,2023.0,2023.0,3103.0,3515.0,3492.0,3348.0,3471.0,3347.0,3166.0,3283.0,3256.0,3338.0,2958.0,3468.0,3453.0,3249.0,3432.0,3228.0,3436.0,3493.0,3394.0,22.440271866,0.019959193
1377.0,1971.0,2171.0,2029.0,2025.0,2025.0,2023.0,2026.0,2021.0,2021.0,2025.0,2023.0,2023.0,2021.0,2015.0,2015.0,2016.0,2015.0,2015.0,2012.0,2015.0,2017.0,2016.0,2020.0,2015.0,3103.0,3515.0,3492.0,3348.0,3471.0,3347.0,3166.0,3282.0,3256.0,3338.0,2957.0,3467.0,3452.0,3250.0,3433.0,3229.0,3435.0,3493.0,3394.0,22.460278821,0.019942015
1377.0,1974.0,2171.0,2019.0,2021.0,2016.0,2013.0,2011.0,2014.0,2011.0,2011.0,2009.0,2011.0,2011.0,2006.0,2009.0,2008.0,2008.0,2005.0,2007.0,2006.0,2010.0,2012.0,2008.0,2009.0,3102.0,3515.0,3492.0,3348.0,3472.0,3347.0,3165.0,3282.0,3256.0,3338.0,2957.0,3469.0,3453.0,3249.0,3432.0,3230.0,3436.0,3493.0,3395.0,22.480274042,0.019918525000000003
1376.0,1973.0,2171.0,2027.0,2025.0,2024.0,2026.0,2021.0,2020.0,2021.0,2025.0,2026.0,2028.0,2027.0,2024.0,2025.0,2028.0,2026.0,2028.0,2032.0,2035.0,2034.0,2037.0,2032.0,2034.0,3102.0,3514.0,3491.0,3348.0,3471.0,3347.0,3165.0,3281.0,3257.0,3338.0,2957.0,3468.0,3453.0,3249.0,3433.0,3229.0,3435.0,3493.0,3394.0,22.500274044,0.019932110000000003
1376.0,1971.0,2171.0,2039.0,2037.0,2035.0,2040.0,2036.0,2038.0,2038.0,2041.0,2044.0,2044.0,2045.0,2045.0,2048.0,2048.0,2049.0,2049.0,2051.0,2049.0,2051.0,2053.0,2050.0,2049.0,3102.0,3514.0,3493.0,3348.0,3471.0,3347.0,3166.0,3282.0,3257.0,3338.0,2958.0,3467.0,3453.0,3249.0,3432.0,3228.0,3437.0,3493.0,3394.0,22.520272972,0.019941533
1376.0,1973.0,2171.0,2035.0,2034.0,2035.0,2033.0,2032.0,2031.0,2034.0,2035.0,2035.0,2033.0,2033.0,2028.0,2029.0,2029.0,2024.0,2021.0,2021.0,2023.0,2025.0,2025.0,2023.0,2025.0,3104.0,3515.0,3492.0,3348.0,3471.0,3347.0,3166.0,3282.0,3256.0,3338.0,2957.0,3468.0,3453.0,3249.0,3433.0,3230.0,3437.0,3493.0,3395.0,22.540273597,0.019959492000000002
1376.0,1971.0,2171.0,2021.0,2020.0,2018.0,2018.0,2019.0,2021.0,2019.0,2017.0,2020.0,2021.0,2024.0,2022.0,2021.0,2020.0,2017.0,2020.0,2019.0,2023.0,2022.0,2021.0,2017.0,2023.0,3102.0,3515.0,3492.0,3348.0,3472.0,3347.0,3165.0,3282.0,3257.0,3337.0,2957.0,3467.0,3452.0,3249.0,3432.0,3229.0,3436.0,3493.0,3394.0,22.56027547,0.019960397
1376.0,1972.0,2171.0,2014.0,2014.0,2011.0,2012.0,2012.0,2013.0,2013.0,2015.0,2018.0,2020.0,2021.0,2020.0,2023.0,2020.0,2021.0,2020.0,2021.0,2024.0,2022.0,2023.0,2021.0,2021.0,3102.0,3515.0,3493.0,3348.0,3471.0,3347.0,3166.0,3282.0,3257.0,3339.0,2957.0,3468.0,3452.0,3249.0,3431.0,3229.0,3436.0,3492.0,3395.0,22.580275529,0.019936041
1377.0,1974.0,2171.0,2019.0,2018.0,2019.0,2023.0,2022.0,2028.0,2029.0,2028.0,2026.0,2029.0,2029.0,2027.0,2027.0,2028.0,2028.0,2029.0,2030.0,2031.0,2031.0,2029.0,2030.0,2030.0,3103.0,3515.0,3493.0,3348.0,3471.0,3347.0,3165.0,3282.0,3256.0,3338.0,2958.0,3468.0,3452.0,3249.0,3432.0,3228.0,3436.0,3493.0,3394.0,22.600275498,0.019931251
1376.0,1971.0,2171.0,2030.0,2030.0,2030.0,2029.0,2030.0,2031.0,2027.0,2027.0,2027.0,2027.0,2027.0,2027.0,2024.0,2022.0,2027.0,2020.0,2020.0,2023.0,2024.0,2019.0,2022.0,2024.0,3103.0,3514.0,3493.0,3349.0,3472.0,3348.0,3166.0,3282.0,3257.0,3338.0,2957.0,3468.0,3452.0,3249.0,3434.0,3230.0,3435.0,3492.0,3394.0,22.620273461,0.019933594000000002
1377.0,1971.0,2171.0,2023.0,2025.0,2025.0,2025.0,2025.0,2025.0,2025.0,2026.0,2022.0,2021.0,2024.0,2025.0,2025.0,2031.0,2029.0,2025.0,2025.0,2025.0,2027.0,2031.0,2026.0,2022.0,3104.0,3515.0,3492.0,3348.0,3472.0,3347.0,3166.0,3282.0,3257.0,3338.0,2957.0,3468.0,3453.0,3250.0,3433.0,3229.0,3436.0,3493.0,3394.0,22.640276843,0.019965878000000003
1377.0,1972.0,2172.0,2011.0,2016.0,2014.0,2010.0,2012.0,2010.0,2012.0,2014.0,2016.0,2017.0,2017.0,2019.0,2021.0,2020.0,2021.0,2022.0,2021.0,2022.0,2021.0,2022.0,2019.0,2019.0,3103.0,3514.0,3494.0,3348.0,3472.0,3347.0,3165.0,3282.0,3256.0,3337.0,2958.0,3468.0,3454.0,3250.0,3432.0,3229.0,3436.0,3493.0,3395.0,22.660281081,0.019949098000000002
1376.0,1973.0,2171.0,2027.0,2027.0,2028.0,2026.0,2024.0,2027.0,2028.0,2027.0,2027.0,2027.0,2027.0,2024.0,2025.0,2027.0,2026.0,2030.0,2028.0,2032.0,2033.0,2034.0,2031.0,2033.0,3102.0,3515.0,3494.0,3349.0,3471.0,3347.0,3166.0,3282.0,3257.0,3338.0,2957.0,3467.0,3453.0,3250.0,3433.0,3229.0,3435.0,3493.0,3394.0,22.680276468,0.019922314
1377.0,1971.0,2172.0,2023.0,2020.0,2024.0,2030.0,2033.0,2026.0,2029.0,2031.0,2032.0,2032.0,2027.0,2027.0,2032.0,2031.0,2030.0,2033.0,2026.0,2025.0,2025.0,2027.0,2020.0,2019.0,3103.0,3516.0,3493.0,3348.0,3472.0,3347.0,3166.0,3282.0,3256.0,3338.0,2958.0,3468.0,3452.0,3250.0,3433.0,3229.0,3435.0,3493.0,3395.0,22.700277057,0.019922584
1377.0,1970.0,2172.0,2016.0,2016.0,2015.0,2017.0,2015.0,2018.0,2019.0,2019.0,2016.0,2016.0,2017.0,2015.0,2018.0,2016.0,2021.0,2024.0,2024.0,2026.0,2022.0,2026.0,2023.0,2021.0,3103.0,3515.0,3493.0,3348.0,3471.0,3348.0,3165.0,3282.0,3257.0,3338.0,2957.0,3468.0,3452.0,3249.0,3433.0,3228.0,3436.0,3493.0,3394.0,22.720275057,0.019930412
1377.0,1972.0,2172.0,2024.0,2030.0,2029.0,2024.0,2027.0,2029.0,2035.0,2034.0,2032.0,2031.0,2033.0,2032.0,2030.0,2032.0,2034.0,2038.0,2038.0,2035.0,2037.0,2040.0,2036.0,2033.0,3103.0,3515.0,3493.0,3348.0,3471.0,3347.0,3166.0,3282.0,3256.0,3338.0,2958.0,3468.0,3452.0,3249.0,3432.0,3229.0,3435.0,3493.0,3394.0,22.740275377,0.01996049
1377.0,1970.0,2171.0,2035.0,2037.0,2035.0,2039.0,2041.0,2039.0,2039.0,2042.0,2042.0,2044.0,2039.0,2041.0,2043.0,2043.0,2042.0,2043.0,2043.0,2042.0,2043.0,2048.0,2042.0,2042.0,3103.0,3515.0,3492.0,3349.0,3472.0,3348.0,3166.0,3282.0,3256.0,3338.0,2957.0,3468.0,3453.0,3249.0,3433.0,3230.0,3435.0,3493.0,3395.0,22.760277917,0.019958052
1377.0,1970.0,2171.0,2024.0,2022.0,2020.0,2021.0,2018.0,2016.0,2020.0,2022.0,2020.0,2019.0,2017.0,2016.0,2018.0,2021.0,2022.0,2023.0,2021.0,2016.0,2015.0,2019.0,2015.0,2018.0,3103.0,3515.0,3492.0,3349.0,3471.0,3348.0,3166.0,3282.0,3257.0,3338.0,2958.0,3468.0,3453.0,3249.0,3433.0,3229.0,3436.0,3492.0,3395.0,22.780282607,0.019941452000000002
1377.0,1971.0,2172.0,2020.0,2019.0,2019.0,2021.0,2021.0,2021.0,2019.0,2023.0,2017.0,2016.0,2015.0,2016.0,2015.0,2016.0,2012.0,2010.0,2013.0,2015.0,2015.0,2016.0,2014.0,2011.0,3102.0,3515.0,3491.0,3348.0,3471.0,3347.0,3166.0,3282.0,3257.0,3338.0,2957.0,3468.0,3453.0,3250.0,3433.0,3230.0,3436.0,3492.0,3394.0,22.800277055,0.019919518
1377.0,1971.0,2172.0,2020.0,2020.0,2019.0,2021.0,2025.0,2021.0,2019.0,2022.0,2025.0,2026.0,2026.0,2023.0,2023.0,2024.0,2024.0,2022.0,2021.0,2015.0,2017.0,2022.0,2020.0,2023.0,3103.0,3515.0,3493.0,3348.0,3471.0,3347.0,3166.0,3282.0,3257.0,3339.0,2958.0,3467.0,3452.0,3250.0,3433.0,3229.0,3436.0,3493.0,3394.0,22.820276567,0.019962433
1377.0,1970.0,2172.0,2026.0,2025.0,2028.0,2029.0,2029.0,2030.0,2031.0,2030.0,2030.0,2030.0,2031.0,2032.0,2034.0,2027.0,2031.0,2029.0,2032.0,2033.0,2030.0,2038.0,2034.0,2034.0,3102.0,3515.0,3493.0,3348.0,3471.0,3347.0,3166.0,3282.0,3257.0,3338.0,2958.0,3468.0,3453.0,3250.0,3433.0,3229.0,3436.0,3493.0,3394.0,22.840291602,0.019971662
1377.0,1970.0,2171.0,2030.0,2026.0,2026.0,2027.0,2026.0,2024.0,2025.0,2029.0,2023.0,2024.0,2023.0,2024.0,2023.0,2025.0,2026.0,2023.0,2028.0,2027.0,2025.0,2025.0,2021.0,2022.0,3102.0,3514.0,3491.0,3348.0,3470.0,3347.0,3166.0,3282.0,3255.0,3338.0,2957.0,3468.0,3453.0,3249.0,3433.0,3229.0,3436.0,3493.0,3395.0,22.860280518,0.019932974000000003
1376.0,1969.0,2171.0,2027.0,2028.0,2031.0,2030.0,2032.0,2032.0,2029.0,2029.0,2027.0,2028.0,2025.0,2027.0,2029.0,2030.0,2033.0,2033.0,2033.0,2035.0,2033.0,2035.0,2035.0,2035.0,3103.0,3515.0,3492.0,3347.0,3472.0,3347.0,3166.0,3282.0,3256.0,3338.0,2957.0,3468.0,3453.0,3249.0,3432.0,3229.0,3435.0,3494.0,3395.0,22.880280721,0.019931284
1377.0,1970.0,2172.0,2022.0,2020.0,2018.0,2020.0,2018.0,2019.0,2017.0,2015.0,2014.0,2013.0,2013.0,2016.0,2012.0,2012.0,2016.0,2011.0,2014.0,2016.0,2014.0,2015.0,2012.0,2012.0,3103.0,3514.0,3492.0,3348.0,3471.0,3347.0,3166.0,3283.0,3256.0,3338.0,2957.0,3467.0,3453.0,3250.0,3433.0,3229.0,3435.0,3493.0,3394.0,22.900277467,0.019928912
1377.0,1971.0,2172.0,2013.0,2014.0,2012.0,2015.0,2017.0,2019.0,2018.0,2018.0,2021.0,2020.0,2021.0,2021.0,2022.0,2021.0,2024.0,2023.0,2023.0,2019.0,2020.0,2022.0,2021.0,2021.0,3103.0,3515.0,3492.0,3348.0,3471.0,3348.0,3166.0,3282.0,3257.0,3338.0,2957.0,3468.0,3453.0,3249.0,3433.0,3229.0,3436.0,3493.0,3395.0,22.920277601,0.019959993000000002
1377.0,1970.0,2172.0,2021.0,2023.0,2021.0,2021.0,2021.0,2023.0,2027.0,2026.0,2027.0,2026.0,2023.0,2024.0,2022.0,2025.0,2026.0,2023.0,2024.0,2029.0,2029.0,2030.0,2026.0,2023.0,3102.0,3515.0,3492.0,3348.0,3472.0,3348.0,3167.0,3282.0,3256.0,3338.0,2958.0,3468.0,3453.0,3249.0,3433.0,3230.0,3436.0,3493.0,3394.0,22.940278767,0.019967208
1377.0,1971.0,2173.0,2024.0,2021.0,2023.0,2023.0,2022.0,2023.0,2021.0,2021.0,2025.0,2028.0,2023.0,2024.0,2023.0,2020.0,2022.0,2023.0,2020.0,2020.0,2025.0,2025.0,2023.0,2025.0,3103.0,3514.0,3493.0,3348.0,3471.0,3347.0,3166.0,3282.0,3256.0,3338.0,2957.0,3467.0,3452.0,3249.0,3432.0,3230.0,3436.0,3494.0,3394.0,22.960281258,0.019936790000000003
1377.0,1971.0,2172.0,2028.0,2026.0,2026.0,2025.0,2025.0,2025.0,2021.0,2022.0,2023.0,2021.0,2021.0,2017.0,2019.0,2020.0,2017.0,2017.0,2019.0,2015.0,2017.0,2021.0,2021.0,2016.0,3103.0,3514.0,3493.0,3348.0,3471.0,3347.0,3166.0,3282.0,3257.0,3338.0,2957.0,3468.0,3453.0,3250.0,3432.0,3230.0,3436.0,3493.0,3395.0,22.980280066,0.019940396000000003
1377.0,1971.0,2172.0,2026.0,2025.0,2025.0,2022.0,2023.0,2026.0,2028.0,2027.0,2031.0,2028.0,2029.0,2025.0,2028.0,2031.0,2029.0,2028.0,2029.0,2033.0,2028.0,2029.0,2030.0,2027.0,3103.0,3515.0,3492.0,3348.0,3472.0,3348.0,3166.0,3282.0,3256.0,3337.0,2958.0,3468.0,3453.0,3249.0,3433.0,3229.0,3436.0,3493.0,3395.0,23.000279024,0.019935016
1378.0,1971.0,2172.0,2028.0,2025.0,2028.0,2023.0,2021.0,2024.0,2022.0,2022.0,2023.0,2025.0,2023.0,2022.0,2023.0,2026.0,2027.0,2026.0,2028.0,2028.0,2028.0,2032.0,2030.0,2030.0,3103.0,3516.0,3492.0,3348.0,3471.0,3348.0,3166.0,3282.0,3256.0,3339.0,2957.0,3468.0,3453.0,3249.0,3433.0,3230.0,3435.0,3493.0,3394.0,23.020286699,0.019963939
1377.0,1969.0,2173.0,2016.0,2015.0,2017.0,2012.0,2012.0,2016.0,2018.0,2016.0,2015.0,2019.0,2016.0,2015.0,2014.0,2015.0,2017.0,2015.0,2019.0,2015.0,2021.0,2022.0,2023.0,2021.0,3103.0,3514.0,3492.0,3348.0,3471.0,3347.0,3166.0,3282.0,3256.0,3338.0,2958.0,3468.0,3452.0,3250.0,3432.0,3229.0,3435.0,3493.0,3395.0,23.040281014,0.019957747
1378.0,1970.0,2173.0,2021.0,2020.0,2022.0,2019.0,2020.0,2020.0,2018.0,2017.0,2022.0,2017.0,2018.0,2016.0,2019.0,2025.0,2024.0,2023.0,2023.0,2024.0,2023.0,2027.0,2025.0,2025.0,3103.0,3515.0,3493.0,3349.0,3471.0,3347.0,3166.0,3282.0,3257.0,3339.0,2958.0,3468.0,3453.0,3250.0,3433.0,3229.0,3436.0,3492.0,3395.0,23.060285873,0.019932897
1377.0,1971.0,2173.0,2029.0,2028.0,2028.0,2026.0,2028.0,2029.0,2029.0,2029.0,2027.0,2029.0,2029.0,2031.0,2029.0,2027.0,2027.0,2023.0,2028.0,2027.0,2027.0,2027.0,2023.0,2026.0,3102.0,3515.0,3492.0,3348.0,3472.0,3347.0,3165.0,3282.0,3256.0,3338.0,2958.0,3468.0,3453.0,3250.0,3431.0,3230.0,3437.0,3493.0,3394.0,23.08028126,0.019925729
1378.0,1971.0,2172.0,2028.0,2032.0,2032.0,2032.0,2033.0,2038.0,2035.0,2035.0,2041.0,2038.0,2037.0,2033.0,2031.0,2027.0,2030.0,2032.0,2030.0,2031.0,2028.0,2037.0,2031.0,2034.0,3103.0,3514.0,3493.0,3349.0,3471.0,3346.0,3166.0,3282.0,3257.0,3339.0,2957.0,3468.0,3454.0,3250.0,3433.0,3230.0,3436.0,3494.0,3395.0,23.100280675,0.019935961000000002
1377.0,1970.0,2173.0,2034.0,2031.0,2030.0,2030.0,2034.0,2031.0,2033.0,2033.0,2032.0,2034.0,2033.0,2035.0,2035.0,2032.0,2030.0,2029.0,2032.0,2033.0,2033.0,2035.0,2034.0,2031.0,3103.0,3515.0,3492.0,3349.0,3471.0,3347.0,3166.0,3282.0,3256.0,3338.0,2958.0,3468.0,3452.0,3249.0,3432.0,3229.0,3435.0,3493.0,3395.0,23.120344888,0.020023673000000002
1377.0,1969.0,2172.0,2029.0,2027.0,2027.0,2027.0,2026.0,2027.0,2027.0,2026.0,2025.0,2025.0,2023.0,2023.0,2023.0,2020.0,2022.0,2024.0,2024.0,2025.0,2025.0,2021.0,2021.0,2021.0,3103.0,3515.0,3493.0,3348.0,3472.0,3347.0,3166.0,3282.0,3257.0,3338.0,2957.0,3468.0,3453.0,3250.0,3432.0,3229.0,3435.0,3493.0,3396.0,23.14028026,0.019888837000000003
1378.0,1971.0,2173.0,2019.0,2019.0,2020.0,2018.0,2020.0,2021.0,2021.0,2021.0,2016.0,2021.0,2025.0,2025.0,2020.0,2022.0,2020.0,2022.0,2025.0,2022.0,2023.0,2028.0,2023.0,2024.0,3103.0,3515.0,3492.0,3347.0,3472.0,3347.0,3166.0,3282.0,3257.0,3339.0,2958.0,3469.0,3452.0,3250.0,3433.0,3230.0,3436.0,3493.0,3395.0,23.160284132,0.019943018
1378.0,1970.0,2173.0,2021.0,2018.0,2021.0,2025.0,2021.0,2022.0,2020.0,2020.0,2021.0,2021.0,2022.0,2021.0,2020.0,2022.0,2022.0,2020.0,2018.0,2021.0,2025.0,2027.0,2021.0,2023.0,3103.0,3514.0,3493.0,3348.0,3471.0,3347.0,3166.0,3282.0,3257.0,3339.0,2958.0,3468.0,3454.0,3249.0,3434.0,3230.0,3436.0,3493.0,3395.0,23.180282639,0.019940478
1378.0,1971.0,2173.0,2029.0,2027.0,2027.0,2029.0,2030.0,2030.0,2027.0,2029.0,2028.0,2032.0,2029.0,2033.0,2034.0,2033.0,2031.0,2030.0,2030.0,2030.0,2029.0,2032.0,2030.0,2032.0,3102.0,3516.0,3492.0,3348.0,3471.0,3347.0,3166.0,3282.0,3257.0,3338.0,2958.0,3469.0,3453.0,3250.0,3432.0,3229.0,3436.0,3493.0,3395.0,23.200281854,0.019934692
1378.0,1971.0,2172.0,2031.0,2026.0,2027.0,2032.0,2035.0,2032.0,2034.0,2035.0,2033.0,2034.0,2033.0,2034.0,2032.0,2037.0,2035.0,2033.0,2036.0,2033.0,2038.0,2040.0,2034.0,2034.0,3102.0,3514.0,3493.0,3348.0,3472.0,3347.0,3166.0,3282.0,3256.0,3338.0,2958.0,3468.0,3453.0,3249.0,3433.0,3230.0,3436.0,3493.0,3394.0,23.220290291,0.019968245000000003
1378.0,1971.0,2172.0,2024.0,2023.0,2027.0,2029.0,2025.0,2021.0,2023.0,2023.0,2025.0,2024.0,2020.0,2029.0,2032.0,2031.0,2029.0,2025.0,2025.0,2025.0,2026.0,2026.0,2023.0,2021.0,3103.0,3515.0,3493.0,3349.0,3472.0,3347.0,3166.0,3282.0,3256.0,3338.0,2958.0,3468.0,3453.0,3249.0,3432.0,3229.0,3436.0,3493.0,3394.0,23.240282276,0.019915616
1377.0,1972.0,2173.0,2018.0,2019.0,2021.0,2018.0,2019.0,2018.0,2018.0,2015.0,2015.0,2019.0,2017.0,2014.0,2013.0,2011.0,2010.0,2014.0,2017.0,2017.0,2017.0,2017.0,2016.0,2017.0,3103.0,3515.0,3492.0,3349.0,3471.0,3348.0,3166.0,3282.0,3257.0,3338.0,2957.0,3467.0,3453.0,3249.0,3433.0,3229.0,3436.0,3493.0,3395.0,23.260285298,0.019936261
1377.0,1973.0,2174.0,2021.0,2021.0,2024.0,2027.0,2027.0,2027.0,2028.0,2027.0,2031.0,2032.0,2032.0,2027.0,2029.0,2027.0,2026.0,2028.0,2030.0,2027.0,2026.0,2032.0,2028.0,2026.0,3103.0,3515.0,3493.0,3348.0,3472.0,3347.0,3166.0,3282.0,3257.0,3338.0,2958.0,3467.0,3453.0,3249.0,3433.0,3229.0,3436.0,3493.0,3395.0,23.280285323,0.019941911
1378.0,1973.0,2173.0,2023.0,2023.0,2023.0,2025.0,2024.0,2025.0,2019.0,2021.0,2019.0,2021.0,2021.0,2020.0,2024.0,2026.0,2025.0,2027.0,2024.0,2021.0,2023.0,2026.0,2025.0,2025.0,3103.0,3515.0,3493.0,3348.0,3470.0,3348.0,3166.0,3282.0,3256.0,3338.0,2957.0,3468.0,3454.0,3250.0,3433.0,3229.0,3435.0,3492.0,3394.0,23.30028301,0.019930244
1377.0,1974.0,2174.0,2035.0,2035.0,2037.0,2033.0,2034.0,2032.0,2030.0,2028.0,2027.0,2029.0,2030.0,2032.0,2029.0,2029.0,2030.0,2028.0,2030.0,2026.0,2023.0,2024.0,2021.0,2021.0,3103.0,3515.0,3493.0,3349.0,3471.0,3348.0,3167.0,3282.0,3256.0,3339.0,2957.0,3468.0,3453.0,3250.0,3433.0,3229.0,3436.0,3492.0,3394.0,23.32028632,0.019953218
1378.0,1974.0,2172.0,2024.0,2021.0,2021.0,2025.0,2021.0,2024.0,2024.0,2024.0,2025.0,2026.0,2025.0,2028.0,2025.0,2029.0,2026.0,2026.0,2030.0,2029.0,2027.0,2031.0,2026.0,2022.0,3103.0,3515.0,3493.0,3349.0,3473.0,3348.0,3166.0,3282.0,3257.0,3339.0,2958.0,3468.0,3453.0,3249.0,3432.0,3229.0,3436.0,3493.0,3394.0,23.340286082,0.019937819000000002
1378.0,1972.0,2173.0,2018.0,2021.0,2023.0,2019.0,2016.0,2020.0,2020.0,2019.0,2019.0,2020.0,2020.0,2020.0,2018.0,2020.0,2023.0,2023.0,2024.0,2025.0,2025.0,2025.0,2023.0,2023.0,3103.0,3515.0,3493.0,3348.0,3471.0,3348.0,3166.0,3282.0,3257.0,3338.0,2957.0,3468.0,3453.0,3250.0,3432.0,3229.0,3436.0,3493.0,3394.0,23.360283344,0.019922793
1377.0,1973.0,2173.0,2019.0,2021.0,2019.0,2021.0,2019.0,2020.0,2021.0,2021.0,2019.0,2025.0,2024.0,2023.0,2018.0,2019.0,2023.0,2023.0,2018.0,2019.0,2018.0,2026.0,2023.0,2025.0,3102.0,3515.0,3493.0,3349.0,3471.0,3347.0,3166.0,3282.0,3257.0,3338.0,2958.0,3468.0,3453.0,3250.0,3433.0,3229.0,3437.0,3493.0,3395.0,23.380284079,0.019973754
1377.0,1971.0,2174.0,2027.0,2024.0,2026.0,2026.0,2027.0,2025.0,2024.0,2024.0,2023.0,2023.0,2024.0,2023.0,2026.0,2025.0,2027.0,2025.0,2024.0,2023.0,2023.0,2025.0,2024.0,2017.0,3102.0,3515.0,3493.0,3348.0,3472.0,3347.0,3167.0,3282.0,3256.0,3338.0,2957.0,3468.0,3453.0,3249.0,3433.0,3229.0,3435.0,3493.0,3394.0,23.400288443,0.01995842
1377.0,1973.0,2173.0,2023.0,2023.0,2025.0,2025.0,2026.0,2027.0,2023.0,2021.0,2023.0,2020.0,2027.0,2027.0,2028.0,2025.0,2027.0,2027.0,2028.0,2027.0,2027.0,2034.0,2031.0,2029.0,3102.0,3515.0,3493.0,3349.0,3471.0,3347.0,3166.0,3283.0,3257.0,3339.0,2958.0,3468.0,3453.0,3250.0,3433.0,3230.0,3436.0,3493.0,3394.0,23.420287208,0.019926088
1377.0,1973.0,2173.0,2024.0,2019.0,2018.0,2019.0,2022.0,2024.0,2020.0,2021.0,2019.0,2020.0,2020.0,2019.0,2020.0,2025.0,2027.0,2027.0,2030.0,2027.0,2023.0,2030.0,2024.0,2029.0,3103.0,3515.0,3493.0,3348.0,3471.0,3347.0,3166.0,3282.0,3257.0,3338.0,2958.0,3468.0,3453.0,3250.0,3433.0,3230.0,3437.0,3493.0,3395.0,23.440285169,0.019935016
1378.0,1971.0,2173.0,2066.0,2067.0,2059.0,2047.0,2039.0,2029.0,2016.0,2010.0,2001.0,1994.0,1994.0,1995.0,1995.0,1996.0,2001.0,2005.0,2014.0,2021.0,2030.0,2040.0,2039.0,2044.0,3103.0,3515.0,3493.0,3349.0,3471.0,3347.0,3166.0,3282.0,3257.0,3338.0,2958.0,3468.0,3453.0,3250.0,3433.0,3229.0,3437.0,3493.0,3394.0,23.460284609,0.019935249000000002
1377.0,1973.0,2174.0,2025.0,2018.0,2022.0,2017.0,2014.0,2013.0,2016.0,2020.0,2022.0,2023.0,2025.0,2025.0,2032.0,2034.0,2029.0,2029.0,2027.0,2027.0,2024.0,2025.0,2013.0,2009.0,3102.0,3516.0,3493.0,3349.0,3470.0,3346.0,3167.0,3282.0,3257.0,3338.0,2957.0,3467.0,3453.0,3250.0,3433.0,3228.0,3436.0,3493.0,3394.0,23.480287852,0.019971952
1378.0,1974.0,2173.0,2002.0,2005.0,2006.0,2007.0,2011.0,2011.0,2007.0,2010.0,2012.0,2010.0,2013.0,2011.0,2007.0,2013.0,2012.0,2015.0,2017.0,2016.0,2017.0,2015.0,2018.0,2022.0,3102.0,3515.0,3492.0,3348.0,3472.0,3347.0,3166.0,3282.0,3257.0,3338.0,2958.0,3468.0,3453.0,3250.0,3433.0,3230.0,3436.0,3493.0,3395.0,23.500288431,0.019930736
1377.0,1974.0,2174.0,2020.0,2020.0,2017.0,2019.0,2018.0,2020.0,2015.0,2016.0,2017.0,2020.0,2022.0,2021.0,2021.0,2024.0,2028.0,2027.0,2027.0,2030.0,2030.0,2034.0,2029.0,2028.0,3103.0,3515.0,3493.0,3348.0,3471.0,3348.0,3166.0,3282.0,3257.0,3338.0,2958.0,3468.0,3453.0,3249.0,3432.0,3230.0,3436.0,3494.0,3395.0,23.520288782,0.019931185
1378.0,1974.0,2173.0,2023.0,2026.0,2024.0,2021.0,2018.0,2021.0,2021.0,2020.0,2023.0,2027.0,2027.0,2023.0,2024.0,2022.0,2025.0,2023.0,2024.0,2023.0,2022.0,2026.0,2029.0,2031.0,3103.0,3514.0,3493.0,3348.0,3471.0,3347.0,3166.0,3282.0,3257.0,3338.0,2957.0,3468.0,3454.0,3250.0,3433.0,3229.0,3437.0,3493.0,3395.0,23.54028923,0.01993841
1378.0,1974.0,2174.0,2036.0,2038.0,2037.0,2033.0,2035.0,2033.0,2031.0,2033.0,2034.0,2031.0,2032.0,2033.0,2032.0,2031.0,2031.0,2029.0,2028.0,2026.0,2025.0,2029.0,2028.0,2029.0,3104.0,3515.0,3493.0,3349.0,3472.0,3347.0,3165.0,3282.0,3258.0,3338.0,2958.0,3467.0,3453.0,3249.0,3433.0,3230.0,3436.0,3493.0,3395.0,23.560285541,0.019926017
1377.0,1974.0,2173.0,2023.0,2026.0,2026.0,2022.0,2028.0,2027.0,2025.0,2026.0,2021.0,2020.0,2025.0,2024.0,2023.0,2022.0,2021.0,2020.0,2022.0,2025.0,2022.0,2026.0,2025.0,2025.0,3103.0,3515.0,3494.0,3348.0,3471.0,3348.0,3166.0,3282.0,3258.0,3338.0,2958.0,3468.0,3453.0,3250.0,3433.0,3229.0,3437.0,3494.0,3395.0,23.58028909,0.019947640000000003
1378.0,1974.0,2174.0,2022.0,2020.0,2020.0,2020.0,2020.0,2021.0,2020.0,2021.0,2022.0,2022.0,2024.0,2020.0,2022.0,2026.0,2021.0,2023.0,2021.0,2018.0,2021.0,2023.0,2023.0,2021.0,3102.0,3515.0,3493.0,3348.0,3471.0,3347.0,3165.0,3282.0,3257.0,3338.0,2957.0,3469.0,3453.0,3249.0,3433.0,3229.0,3435.0,3493.0,3394.0,23.600289593,0.019913022000000002
1378.0,1973.0,2174.0,2026.0,2029.0,2030.0,2026.0,2027.0,2026.0,2026.0,2024.0,2022.0,2024.0,2021.0,2025.0,2024.0,2023.0,2026.0,2025.0,2029.0,2028.0,2030.0,2030.0,2031.0,2033.0,3103.0,3514.0,3494.0,3348.0,3471.0,3347.0,3166.0,3282.0,3257.0,3339.0,2958.0,3467.0,3453.0,3250.0,3433.0,3230.0,3436.0,3494.0,3394.0,23.620287807,0.019927779
1377.0,1972.0,2174.0,2024.0,2020.0,2021.0,2021.0,2017.0,2018.0,2021.0,2018.0,2016.0,2018.0,2020.0,2023.0,2024.0,2022.0,2026.0,2025.0,2026.0,2025.0,2025.0,2030.0,2030.0,2030.0,3103.0,3515.0,3493.0,3348.0,3471.0,3348.0,3166.0,3282.0,3258.0,3338.0,2958.0,3468.0,3453.0,3250.0,3432.0,3230.0,3437.0,3493.0,3395.0,23.640293488,0.019948138
1378.0,1973.0,2174.0,2028.0,2027.0,2023.0,2025.0,2027.0,2025.0,2023.0,2021.0,2026.0,2029.0,2029.0,2029.0,2029.0,2025.0,2025.0,2024.0,2025.0,2025.0,2022.0,2026.0,2020.0,2019.0,3103.0,3515.0,3493.0,3349.0,3473.0,3348.0,3166.0,3283.0,3257.0,3339.0,2958.0,3468.0,3454.0,3250.0,3433.0,3229.0,3437.0,3493.0,3395.0,23.660287009,0.01990776
1378.0,1972.0,2174.0,2023.0,2021.0,2020.0,2020.0,2020.0,2024.0,2022.0,2025.0,2024.0,2021.0,2021.0,2023.0,2024.0,2026.0,2025.0,2023.0,2025.0,2023.0,2025.0,2028.0,2027.0,2023.0,3103.0,3515.0,3492.0,3348.0,3471.0,3347.0,3166.0,3282.0,3257.0,3338.0,2958.0,3469.0,3453.0,3250.0,3432.0,3230.0,3436.0,3493.0,3395.0,23.680290619,0.019959512000000002
1378.0,1969.0,2175.0,2026.0,2025.0,2025.0,2025.0,2025.0,2030.0,2029.0,2031.0,2027.0,2025.0,2025.0,2029.0,2026.0,2027.0,2026.0,2023.0,2023.0,2025.0,2025.0,2026.0,2024.0,2023.0,3104.0,3515.0,3493.0,3349.0,3472.0,3347.0,3166.0,3282.0,3257.0,3338.0,2959.0,3468.0,3452.0,3249.0,3432.0,3229.0,3436.0,3493.0,3394.0,23.700290889,0.019936774
1378.0,1971.0,2173.0,2026.0,2024.0,2023.0,2022.0,2024.0,2025.0,2026.0,2024.0,2025.0,2023.0,2023.0,2024.0,2024.0,2024.0,2026.0,2022.0,2023.0,2024.0,2025.0,2026.0,2019.0,2021.0,3104.0,3515.0,3493.0,3349.0,3472.0,3348.0,3166.0,3282.0,3257.0,3338.0,2957.0,3468.0,3453.0,3250.0,3434.0,3230.0,3436.0,3493.0,3394.0,23.720291067,0.019927706
1378.0,1971.0,2173.0,2032.0,2033.0,2033.0,2035.0,2033.0,2035.0,2033.0,2031.0,2032.0,2032.0,2033.0,2034.0,2031.0,2033.0,2035.0,2030.0,2033.0,2033.0,2032.0,2031.0,2032.0,2027.0,3104.0,3515.0,3493.0,3349.0,3472.0,3348.0,3166.0,3283.0,3257.0,3338.0,2958.0,3469.0,3453.0,3250.0,3432.0,3230.0,3436.0,3493.0,3394.0,23.740287899,0.019933155
1378.0,1971.0,2174.0,2026.0,2026.0,2025.0,2025.0,2023.0,2022.0,2022.0,2023.0,2026.0,2027.0,2025.0,2023.0,2021.0,2021.0,2021.0,2016.0,2018.0,2018.0,2016.0,2015.0,2009.0,2012.0,3103.0,3515.0,3493.0,3348.0,3471.0,3348.0,3166.0,3282.0,3257.0,3338.0,2958.0,3469.0,3453.0,3250.0,3433.0,3229.0,3437.0,3493.0,3394.0,23.760288174,0.019959924
1378.0,1971.0,2174.0,2014.0,2012.0,2016.0,2012.0,2010.0,2014.0,2015.0,2017.0,2016.0,2021.0,2023.0,2021.0,2021.0,2028.0,2025.0,2025.0,2025.0,2023.0,2027.0,2028.0,2032.0,2030.0,3103.0,3515.0,3492.0,3348.0,3472.0,3347.0,3167.0,3282.0,3257.0,3338.0,2957.0,3468.0,3453.0,3249.0,3433.0,3229.0,3436.0,3493.0,3394.0,23.780291552,0.019964042
1378.0,1970.0,2174.0,2024.0,2023.0,2021.0,2022.0,2024.0,2026.0,2028.0,2025.0,2029.0,2027.0,2027.0,2025.0,2029.0,2026.0,2026.0,2027.0,2027.0,2025.0,2030.0,2031.0,2025.0,2026.0,3104.0,3515.0,3493.0,3348.0,3472.0,3348.0,3166.0,3282.0,3257.0,3339.0,2959.0,3468.0,3453.0,3250.0,3433.0,3230.0,3436.0,3493.0,3396.0,23.800292102,0.019932682
1378.0,1971.0,2174.0,2023.0,2024.0,2024.0,2024.0,2028.0,2028.0,2025.0,2027.0,2024.0,2022.0,2024.0,2028.0,2025.0,2027.0,2024.0,2027.0,2027.0,2025.0,2030.0,2032.0,2031.0,2029.0,3103.0,3515.0,3492.0,3348.0,3471.0,3347.0,3166.0,3283.0,3258.0,3338.0,2958.0,3468.0,3453.0,3250.0,3432.0,3229.0,3436.0,3493.0,3394.0,23.820289072,0.019928442
1378.0,1970.0,2174.0,2020.0,2019.0,2024.0,2027.0,2025.0,2029.0,2027.0,2023.0,2029.0,2028.0,2030.0,2027.0,2027.0,2025.0,2025.0,2028.0,2030.0,2030.0,2030.0,2031.0,2030.0,2030.0,3103.0,3516.0,3493.0,3348.0,3471.0,3347.0,3167.0,3282.0,3257.0,3338.0,2958.0,3468.0,3454.0,3250.0,3432.0,3229.0,3436.0,3493.0,3395.0,23.840289949,0.019966025000000002
1378.0,1969.0,2175.0,2028.0,2029.0,2025.0,2031.0,2033.0,2033.0,2028.0,2028.0,2028.0,2024.0,2023.0,2022.0,2020.0,2019.0,2017.0,2015.0,2014.0,2013.0,2015.0,2019.0,2017.0,2015.0,3103.0,3515.0,3492.0,3350.0,3472.0,3347.0,3166.0,3282.0,3257.0,3339.0,2957.0,3468.0,3453.0,3250.0,3433.0,3228.0,3436.0,3493.0,3395.0,23.860289617,0.019937554
1378.0,1971.0,2174.0,2007.0,2012.0,2008.0,2011.0,2013.0,2014.0,2014.0,2013.0,2017.0,2020.0,2019.0,2021.0,2019.0,2019.0,2025.0,2022.0,2021.0,2023.0,2023.0,2023.0,2021.0,2020.0,3103.0,3516.0,3493.0,3348.0,3473.0,3347.0,3166.0,3282.0,3258.0,3338.0,2959.0,3468.0,3453.0,3250.0,3433.0,3230.0,3436.0,3494.0,3395.0,23.880292852,0.019961846000000002
1377.0,1971.0,2175.0,2023.0,2024.0,2028.0,2026.0,2026.0,2023.0,2028.0,2027.0,2031.0,2034.0,2034.0,2032.0,2033.0,2036.0,2038.0,2037.0,2038.0,2037.0,2038.0,2038.0,2038.0,2034.0,3103.0,3515.0,3493.0,3349.0,3472.0,3348.0,3166.0,3283.0,3257.0,3339.0,2958.0,3467.0,3454.0,3250.0,3433.0,3230.0,3437.0,3493.0,3394.0,23.900293143,0.019931774000000003
1378.0,1971.0,2174.0,2036.0,2037.0,2037.0,2037.0,2036.0,2040.0,2040.0,2038.0,2037.0,2039.0,2035.0,2033.0,2031.0,2031.0,2033.0,2034.0,2033.0,2032.0,2032.0,2035.0,2035.0,2035.0,3103.0,3515.0,3494.0,3348.0,3471.0,3348.0,3166.0,3283.0,3256.0,3338.0,2958.0,3467.0,3453.0,3249.0,3432.0,3229.0,3437.0,3493.0,3394.0,23.920293329,0.019929125000000002
1378.0,1973.0,2174.0,2024.0,2025.0,2024.0,2025.0,2027.0,2029.0,2024.0,2025.0,2026.0,2025.0,2027.0,2026.0,2023.0,2019.0,2026.0,2021.0,2022.0,2023.0,2023.0,2024.0,2022.0,2018.0,3103.0,3515.0,3493.0,3349.0,3472.0,3347.0,3166.0,3282.0,3257.0,3339.0,2957.0,3468.0,3452.0,3250.0,3433.0,3229.0,3436.0,3493.0,3395.0,23.940290614,0.019929188
1378.0,1971.0,2174.0,2019.0,2017.0,2012.0,2013.0,2018.0,2019.0,2015.0,2018.0,2015.0,2016.0,2017.0,2019.0,2018.0,2018.0,2021.0,2017.0,2019.0,2021.0,2019.0,2019.0,2016.0,2017.0,3104.0,3515.0,3493.0,3349.0,3471.0,3348.0,3167.0,3282.0,3257.0,3338.0,2958.0,3468.0,3453.0,3250.0,3433.0,3229.0,3436.0,3494.0,3394.0,23.960291069,0.019935210000000002
1377.0,1969.0,2175.0,2017.0,2018.0,2016.0,2015.0,2018.0,2019.0,2018.0,2020.0,2017.0,2021.0,2021.0,2020.0,2022.0,2023.0,2026.0,2027.0,2031.0,2031.0,2029.0,2034.0,2032.0,2034.0,3103.0,3514.0,3492.0,3349.0,3471.0,3348.0,3166.0,3282.0,3257.0,3339.0,2958.0,3468.0,3453.0,3250.0,3433.0,3230.0,3436.0,3493.0,3395.0,23.980294145,0.019960481000000002
1378.0,1970.0,2174.0,2031.0,2032.0,2030.0,2030.0,2026.0,2027.0,2028.0,2030.0,2029.0,2026.0,2026.0,2028.0,2029.0,2031.0,2031.0,2032.0,2031.0,2029.0,2027.0,2034.0,2033.0,2028.0,3103.0,3515.0,3493.0,3349.0,3472.0,3348.0,3166.0,3283.0,3257.0,3338.0,2958.0,3468.0,3453.0,3249.0,3433.0,3230.0,3436.0,3493.0,3395.0,24.000294366,0.019933142
1378.0,1972.0,2174.0,2029.0,2030.0,2026.0,2027.0,2027.0,2030.0,2031.0,2029.0,2026.0,2026.0,2028.0,2025.0,2030.0,2028.0,2027.0,2026.0,2025.0,2024.0,2023.0,2026.0,2020.0,2023.0,3103.0,3515.0,3493.0,3349.0,3472.0,3348.0,3166.0,3282.0,3257.0,3339.0,2958.0,3468.0,3453.0,3250.0,3433.0,3229.0,3436.0,3493.0,3394.0,24.02029126,0.019928216000000002
1378.0,1971.0,2175.0,2025.0,2023.0,2026.0,2029.0,2026.0,2024.0,2023.0,2027.0,2027.0,2028.0,2024.0,2027.0,2026.0,2029.0,2028.0,2024.0,2024.0,2025.0,2028.0,2025.0,2027.0,2027.0,3103.0,3515.0,3493.0,3348.0,3471.0,3348.0,3167.0,3282.0,3257.0,3338.0,2958.0,3468.0,3453.0,3250.0,3432.0,3229.0,3436.0,3493.0,3394.0,24.040292558,0.019968527
1378.0,1971.0,2175.0,2019.0,2017.0,2018.0,2015.0,2017.0,2020.0,2019.0,2018.0,2013.0,2011.0,2012.0,2012.0,2014.0,2010.0,2012.0,2011.0,2015.0,2011.0,2013.0,2018.0,2012.0,2014.0,3103.0,3515.0,3493.0,3349.0,3472.0,3348.0,3166.0,3283.0,3256.0,3339.0,2959.0,3468.0,3454.0,3250.0,3433.0,3229.0,3437.0,3493.0,3395.0,24.060292022,0.019937542000000003
1378.0,1971.0,2176.0,2019.0,2018.0,2019.0,2019.0,2018.0,2021.0,2019.0,2016.0,2012.0,2018.0,2018.0,2015.0,2011.0,2014.0,2011.0,2011.0,2015.0,2014.0,2016.0,2021.0,2016.0,2018.0,3103.0,3515.0,3493.0,3349.0,3471.0,3347.0,3166.0,3282.0,3257.0,3338.0,2959.0,3468.0,3453.0,3250.0,3432.0,3230.0,3436.0,3493.0,3394.0,24.0802961,0.019941854000000002
1378.0,1970.0,2175.0,2025.0,2024.0,2028.0,2029.0,2032.0,2031.0,2030.0,2026.0,2030.0,2030.0,2026.0,2027.0,2029.0,2034.0,2037.0,2033.0,2033.0,2032.0,2031.0,2032.0,2036.0,2031.0,3103.0,3515.0,3493.0,3348.0,3471.0,3347.0,3167.0,3282.0,3256.0,3338.0,2958.0,3468.0,3454.0,3250.0,3433.0,3230.0,3435.0,3493.0,3395.0,24.100295474,0.019937929
1378.0,1969.0,2175.0,2024.0,2025.0,2027.0,2023.0,2021.0,2025.0,2025.0,2021.0,2023.0,2021.0,2018.0,2015.0,2019.0,2017.0,2017.0,2018.0,2015.0,2015.0,2015.0,2015.0,2018.0,2017.0,3103.0,3515.0,3493.0,3349.0,3471.0,3348.0,3166.0,3283.0,3256.0,3339.0,2958.0,3468.0,3453.0,3250.0,3434.0,3229.0,3437.0,3494.0,3395.0,24.120292957,0.019927101000000003
1379.0,1972.0,2175.0,2024.0,2025.0,2026.0,2025.0,2028.0,2026.0,2026.0,2027.0,2026.0,2029.0,2026.0,2026.0,2026.0,2024.0,2026.0,2030.0,2027.0,2028.0,2027.0,2028.0,2026.0,2025.0,3103.0,3515.0,3492.0,3349.0,3471.0,3348.0,3166.0,3282.0,3257.0,3338.0,2958.0,3467.0,3453.0,3250.0,3432.0,3229.0,3435.0,3493.0,3394.0,24.140293039,0.019961858000000002
1378.0,1973.0,2176.0,2025.0,2025.0,2026.0,2026.0,2026.0,2024.0,2027.0,2028.0,2028.0,2027.0,2029.0,2028.0,2028.0,2027.0,2029.0,2024.0,2023.0,2024.0,2026.0,2033.0,2027.0,2029.0,3103.0,3516.0,3492.0,3350.0,3472.0,3347.0,3166.0,3282.0,3258.0,3337.0,2958.0,3468.0,3453.0,3250.0,3433.0,3229.0,3437.0,3493.0,3395.0,24.160293507,0.019940692000000003
1378.0,1971.0,2175.0,2029.0,2029.0,2031.0,2031.0,2028.0,2029.0,2027.0,2024.0,2028.0,2029.0,2028.0,2027.0,2030.0,2028.0,2031.0,2028.0,2027.0,2030.0,2032.0,2030.0,2025.0,2025.0,3103.0,3514.0,3492.0,3348.0,3471.0,3348.0,3166.0,3282.0,3257.0,3339.0,2957.0,3468.0,3454.0,3250.0,3433.0,3229.0,3436.0,3494.0,3395.0,24.180296504,0.019959741
1378.0,1971.0,2175.0,2028.0,2028.0,2026.0,2027.0,2025.0,2027.0,2027.0,2024.0,2021.0,2021.0,2021.0,2023.0,2026.0,2025.0,2021.0,2018.0,2018.0,2018.0,2019.0,2020.0,2016.0,2017.0,3103.0,3516.0,3493.0,3349.0,3472.0,3348.0,3166.0,3282.0,3257.0,3340.0,2958.0,3468.0,3453.0,3250.0,3433.0,3229.0,3437.0,3494.0,3395.0,24.20029696,0.019936881
1378.0,1971.0,2176.0,2035.0,2035.0,2037.0,2033.0,2035.0,2033.0,2031.0,2030.0,2031.0,2033.0,2033.0,2033.0,2031.0,2030.0,2026.0,2026.0,2027.0,2029.0,2030.0,2029.0,2023.0,2023.0,3103.0,3515.0,3493.0,3349.0,3472.0,3347.0,3166.0,3283.0,3258.0,3338.0,2958.0,3468.0,3454.0,3250.0,3432.0,3230.0,3436.0,3494.0,3394.0,24.220293904,0.019928789000000002
1378.0,1971.0,2175.0,2021.0,2020.0,2023.0,2023.0,2018.0,2022.0,2019.0,2021.0,2021.0,2023.0,2023.0,2020.0,2020.0,2016.0,2017.0,2014.0,2013.0,2015.0,2013.0,2018.0,2016.0,2017.0,3103.0,3515.0,3493.0,3349.0,3471.0,3348.0,3167.0,3282.0,3257.0,3337.0,2958.0,3468.0,3454.0,3249.0,3433.0,3230.0,3436.0,3493.0,3394.0,24.240305099,0.01996809
1378.0,1967.0,2176.0,2020.0,2024.0,2027.0,2027.0,2028.0,2027.0,2030.0,2029.0,2033.0,2035.0,2039.0,2036.0,2033.0,2032.0,2035.0,2031.0,2032.0,2032.0,2031.0,2031.0,2028.0,2028.0,3103.0,3515.0,3493.0,3348.0,3471.0,3347.0,3166.0,3282.0,3258.0,3339.0,2958.0,3468.0,3454.0,3250.0,3433.0,3230.0,3436.0,3493.0,3395.0,24.260297719,0.019930683
1378.0,1972.0,2176.0,2033.0,2033.0,2034.0,2031.0,2036.0,2038.0,2038.0,2036.0,2034.0,2032.0,2033.0,2033.0,2034.0,2034.0,2032.0,2028.0,2028.0,2033.0,2038.0,2039.0,2040.0,2037.0,3103.0,3515.0,3493.0,3349.0,3472.0,3348.0,3166.0,3283.0,3258.0,3338.0,2958.0,3468.0,3453.0,3251.0,3433.0,3229.0,3436.0,3493.0,3394.0,24.280297577,0.019930841
1378.0,1971.0,2176.0,2026.0,2029.0,2027.0,2025.0,2022.0,2022.0,2024.0,2022.0,2023.0,2020.0,2023.0,2023.0,2027.0,2025.0,2028.0,2023.0,2024.0,2020.0,2022.0,2022.0,2024.0,2023.0,3103.0,3515.0,3494.0,3348.0,3471.0,3348.0,3166.0,3281.0,3257.0,3339.0,2959.0,3468.0,3454.0,3249.0,3433.0,3229.0,3436.0,3493.0,3395.0,24.300317249,0.019955667
1378.0,1971.0,2176.0,2029.0,2026.0,2024.0,2025.0,2025.0,2025.0,2020.0,2022.0,2025.0,2023.0,2025.0,2024.0,2025.0,2023.0,2023.0,2022.0,2023.0,2021.0,2022.0,2025.0,2018.0,2022.0,3104.0,3515.0,3493.0,3348.0,3472.0,3348.0,3167.0,3283.0,3257.0,3338.0,2957.0,3468.0,3453.0,3249.0,3433.0,3230.0,3437.0,3493.0,3394.0,24.320295467,0.019940843
1378.0,1969.0,2175.0,2020.0,2020.0,2020.0,2020.0,2022.0,2023.0,2023.0,2024.0,2023.0,2022.0,2024.0,2023.0,2022.0,2020.0,2020.0,2019.0,2020.0,2021.0,2021.0,2023.0,2022.0,2021.0,3103.0,3515.0,3493.0,3348.0,3472.0,3348.0,3167.0,3283.0,3257.0,3338.0,2958.0,3468.0,3453.0,3250.0,3433.0,3229.0,3437.0,3493.0,3395.0,24.340295241,0.019955048
1378.0,1971.0,2176.0,2021.0,2018.0,2023.0,2021.0,2018.0,2016.0,2016.0,2016.0,2015.0,2016.0,2017.0,2020.0,2016.0,2015.0,2015.0,2015.0,2016.0,2018.0,2018.0,2019.0,2017.0,2017.0,3104.0,3515.0,3493.0,3349.0,3471.0,3347.0,3166.0,3282.0,3257.0,3338.0,2958.0,3469.0,3453.0,3250.0,3434.0,3229.0,3437.0,3494.0,3395.0,24.360296173,0.019941709000000002
1378.0,1972.0,2176.0,2027.0,2026.0,2026.0,2026.0,2030.0,2027.0,2025.0,2026.0,2027.0,2027.0,2022.0,2025.0,2026.0,2027.0,2025.0,2022.0,2025.0,2024.0,2021.0,2021.0,2024.0,2025.0,3103.0,3515.0,3493.0,3348.0,3471.0,3348.0,3166.0,3282.0,3256.0,3338.0,2959.0,3468.0,3453.0,3250.0,3432.0,3230.0,3436.0,3493.0,3395.0,24.380299854,0.019938619
1378.0,1970.0,2176.0,2028.0,2025.0,2027.0,2029.0,2028.0,2029.0,2027.0,2023.0,2027.0,2025.0,2027.0,2026.0,2027.0,2027.0,2030.0,2030.0,2031.0,2030.0,2028.0,2029.0,2029.0,2027.0,3103.0,3515.0,3494.0,3350.0,3471.0,3348.0,3167.0,3283.0,3257.0,3339.0,2957.0,3469.0,3453.0,3250.0,3433.0,3229.0,3437.0,3494.0,3394.0,24.400299529,0.019923950000000003
1378.0,1968.0,2177.0,2011.0,2013.0,2015.0,2013.0,2013.0,2009.0,2011.0,2011.0,2012.0,2014.0,2013.0,2012.0,2015.0,2015.0,2018.0,2021.0,2024.0,2023.0,2022.0,2029.0,2025.0,2022.0,3104.0,3515.0,3493.0,3349.0,3471.0,3348.0,3167.0,3283.0,3257.0,3338.0,2957.0,3468.0,3453.0,3250.0,3433.0,3229.0,3436.0,3493.0,3396.0,24.420296699,0.019926598
1379.0,1970.0,2176.0,2031.0,2032.0,2028.0,2030.0,2029.0,2030.0,2032.0,2031.0,2027.0,2029.0,2029.0,2029.0,2025.0,2028.0,2025.0,2024.0,2020.0,2021.0,2024.0,2028.0,2024.0,2019.0,3103.0,3515.0,3493.0,3349.0,3472.0,3347.0,3166.0,3282.0,3257.0,3338.0,2958.0,3468.0,3454.0,3250.0,3432.0,3229.0,3437.0,3493.0,3396.0,24.440296637,0.019960826
1378.0,1970.0,2176.0,2029.0,2026.0,2025.0,2023.0,2022.0,2021.0,2021.0,2023.0,2021.0,2021.0,2024.0,2025.0,2022.0,2021.0,2024.0,2024.0,2027.0,2029.0,2031.0,2034.0,2028.0,2024.0,3104.0,3515.0,3492.0,3349.0,3472.0,3348.0,3166.0,3283.0,3256.0,3339.0,2957.0,3468.0,3453.0,3249.0,3434.0,3230.0,3436.0,3494.0,3395.0,24.460300507,0.019950104
1379.0,1973.0,2176.0,2026.0,2029.0,2028.0,2028.0,2030.0,2035.0,2031.0,2032.0,2027.0,2035.0,2035.0,2030.0,2033.0,2033.0,2032.0,2032.0,2033.0,2035.0,2034.0,2033.0,2029.0,2032.0,3103.0,3515.0,3493.0,3348.0,3472.0,3348.0,3166.0,3283.0,3257.0,3339.0,2957.0,3468.0,3453.0,3250.0,3433.0,3229.0,3436.0,3493.0,3395.0,24.480300386,0.019925847
1379.0,1974.0,2176.0,2026.0,2030.0,2028.0,2027.0,2025.0,2027.0,2025.0,2029.0,2029.0,2028.0,2029.0,2027.0,2024.0,2026.0,2026.0,2028.0,2025.0,2022.0,2022.0,2024.0,2023.0,2023.0,3103.0,3516.0,3493.0,3349.0,3471.0,3348.0,3166.0,3283.0,3258.0,3339.0,2959.0,3469.0,3452.0,3250.0,3433.0,3229.0,3436.0,3493.0,3395.0,24.500298429,0.019936012000000003
1378.0,1971.0,2176.0,2032.0,2035.0,2030.0,2029.0,2029.0,2030.0,2028.0,2030.0,2032.0,2029.0,2027.0,2028.0,2028.0,2026.0,2025.0,2023.0,2023.0,2022.0,2025.0,2026.0,2024.0,2021.0,3103.0,3515.0,3492.0,3349.0,3472.0,3347.0,3166.0,3282.0,3257.0,3338.0,2958.0,3469.0,3453.0,3249.0,3433.0,3230.0,3437.0,3494.0,3395.0,24.520297538,0.019923036
1379.0,1971.0,2176.0,2025.0,2024.0,2024.0,2023.0,2026.0,2024.0,2021.0,2021.0,2019.0,2017.0,2017.0,2019.0,2018.0,2019.0,2019.0,2018.0,2018.0,2016.0,2017.0,2019.0,2018.0,2016.0,3104.0,3515.0,3494.0,3349.0,3472.0,3348.0,3166.0,3282.0,3257.0,3339.0,2958.0,3468.0,3454.0,3249.0,3433.0,3230.0,3436.0,3493.0,3394.0,24.540299557,0.019873706
1379.0,1969.0,2176.0,2013.0,2015.0,2015.0,2013.0,2015.0,2015.0,2014.0,2014.0,2016.0,2014.0,2016.0,2018.0,2018.0,2021.0,2024.0,2024.0,2028.0,2025.0,2028.0,2028.0,2025.0,2029.0,3103.0,3515.0,3494.0,3348.0,3472.0,3347.0,3167.0,3283.0,3257.0,3338.0,2958.0,3469.0,3453.0,3250.0,3432.0,3231.0,3437.0,3493.0,3395.0,24.560299495,0.019937475
1378.0,1971.0,2177.0,2027.0,2028.0,2026.0,2026.0,2028.0,2024.0,2025.0,2023.0,2026.0,2023.0,2018.0,2023.0,2018.0,2014.0,2012.0,2011.0,2010.0,2012.0,2010.0,2014.0,2013.0,2016.0,3104.0,3516.0,3493.0,3348.0,3471.0,3347.0,3166.0,3283.0,3257.0,3338.0,2958.0,3468.0,3454.0,3250.0,3433.0,3229.0,3437.0,3493.0,3395.0,24.580300762,0.019929662
1378.0,1969.0,2176.0,2038.0,2038.0,2039.0,2039.0,2038.0,2037.0,2038.0,2041.0,2041.0,2039.0,2038.0,2039.0,2038.0,2038.0,2038.0,2034.0,2035.0,2036.0,2035.0,2035.0,2035.0,2031.0,3103.0,3515.0,3493.0,3349.0,3472.0,3348.0,3166.0,3282.0,3257.0,3338.0,2957.0,3468.0,3454.0,3250.0,3433.0,3230.0,3436.0,3494.0,3395.0,24.600299643,0.019934633
1378.0,1971.0,2176.0,2028.0,2027.0,2027.0,2029.0,2022.0,2023.0,2024.0,2025.0,2026.0,2025.0,2029.0,2031.0,2029.0,2030.0,2030.0,2030.0,2029.0,2028.0,2031.0,2035.0,2033.0,2033.0,3103.0,3515.0,3493.0,3348.0,3472.0,3347.0,3166.0,3283.0,3257.0,3338.0,2958.0,3468.0,3453.0,3250.0,3433.0,3229.0,3436.0,3493.0,3395.0,24.620298992,0.019931588
1378.0,1973.0,2176.0,2027.0,2024.0,2025.0,2023.0,2025.0,2020.0,2018.0,2020.0,2023.0,2021.0,2019.0,2025.0,2025.0,2024.0,2025.0,2024.0,2026.0,2025.0,2021.0,2027.0,2028.0,2028.0,3104.0,3515.0,3493.0,3350.0,3472.0,3348.0,3167.0,3282.0,3257.0,3338.0,2958.0,3468.0,3454.0,3250.0,3433.0,3229.0,3437.0,3494.0,3395.0,24.640300696,0.019960566000000003
1378.0,1972.0,2176.0,2027.0,2026.0,2028.0,2028.0,2029.0,2029.0,2031.0,2026.0,2029.0,2029.0,2030.0,2029.0,2029.0,2033.0,2031.0,2029.0,2028.0,2027.0,2026.0,2027.0,2027.0,2028.0,3104.0,3515.0,3493.0,3349.0,3471.0,3348.0,3166.0,3282.0,3257.0,3338.0,2958.0,3469.0,3453.0,3249.0,3433.0,3230.0,3436.0,3494.0,3395.0,24.660308756,0.019943664
1379.0,1971.0,2176.0,2028.0,2029.0,2029.0,2026.0,2025.0,2023.0,2020.0,2021.0,2024.0,2023.0,2025.0,2023.0,2019.0,2019.0,2017.0,2019.0,2018.0,2021.0,2019.0,2022.0,2016.0,2015.0,3104.0,3515.0,3493.0,3349.0,3472.0,3348.0,3166.0,3282.0,3257.0,3339.0,2958.0,3468.0,3453.0,3249.0,3432.0,3229.0,3436.0,3493.0,3395.0,24.680300461,0.019943359
1379.0,1970.0,2176.0,2010.0,2011.0,2011.0,2012.0,2014.0,2015.0,2012.0,2016.0,2020.0,2020.0,2021.0,2020.0,2019.0,2020.0,2021.0,2019.0,2016.0,2019.0,2021.0,2026.0,2023.0,2024.0,3103.0,3515.0,3493.0,3349.0,3471.0,3348.0,3166.0,3282.0,3256.0,3339.0,2958.0,3468.0,3453.0,3250.0,3434.0,3228.0,3436.0,3493.0,3395.0,24.700300911,0.019951779000000003
1378.0,1972.0,2176.0,2021.0,2019.0,2021.0,2027.0,2021.0,2019.0,2021.0,2024.0,2023.0,2025.0,2025.0,2024.0,2020.0,2023.0,2021.0,2021.0,2026.0,2022.0,2027.0,2035.0,2031.0,2029.0,3104.0,3515.0,3493.0,3349.0,3471.0,3348.0,3166.0,3283.0,3257.0,3338.0,2958.0,3469.0,3454.0,3250.0,3433.0,3230.0,3436.0,3494.0,3395.0,24.720299052,0.019934143
1378.0,1971.0,2176.0,2030.0,2027.0,2030.0,2026.0,2025.0,2025.0,2025.0,2025.0,2024.0,2025.0,2021.0,2024.0,2020.0,2025.0,2029.0,2026.0,2027.0,2030.0,2027.0,2027.0,2023.0,2026.0,3103.0,3514.0,3493.0,3349.0,3471.0,3348.0,3167.0,3282.0,3257.0,3339.0,2958.0,3469.0,3453.0,3250.0,3434.0,3230.0,3436.0,3494.0,3394.0,24.740301454,0.019952398
1379.0,1970.0,2177.0,2031.0,2030.0,2029.0,2027.0,2026.0,2026.0,2028.0,2026.0,2025.0,2029.0,2026.0,2025.0,2027.0,2026.0,2026.0,2023.0,2020.0,2019.0,2023.0,2025.0,2023.0,2021.0,3103.0,3516.0,3493.0,3350.0,3473.0,3348.0,3167.0,3283.0,3257.0,3338.0,2958.0,3468.0,3453.0,3250.0,3433.0,3229.0,3436.0,3493.0,3395.0,24.760301509,0.019942198
1379.0,1970.0,2176.0,2028.0,2030.0,2030.0,2028.0,2023.0,2024.0,2025.0,2027.0,2027.0,2027.0,2030.0,2031.0,2033.0,2031.0,2029.0,2031.0,2026.0,2027.0,2028.0,2029.0,2030.0,2029.0,3104.0,3516.0,3493.0,3349.0,3471.0,3348.0,3166.0,3282.0,3257.0,3339.0,2958.0,3468.0,3454.0,3249.0,3432.0,3229.0,3436.0,3494.0,3395.0,24.780299938,0.019937468
1378.0,1970.0,2176.0,2021.0,2018.0,2021.0,2026.0,2023.0,2021.0,2021.0,2023.0,2023.0,2020.0,2018.0,2019.0,2015.0,2018.0,2013.0,2011.0,2013.0,2016.0,2016.0,2013.0,2011.0,2012.0,3103.0,3515.0,3493.0,3349.0,3472.0,3348.0,3166.0,3282.0,3257.0,3339.0,2959.0,3468.0,3453.0,3249.0,3433.0,3231.0,3436.0,3494.0,3395.0,24.800307215,0.019967733
1378.0,1971.0,2177.0,2029.0,2029.0,2031.0,2032.0,2032.0,2031.0,2033.0,2032.0,2031.0,2033.0,2032.0,2030.0,2027.0,2027.0,2027.0,2025.0,2026.0,2024.0,2027.0,2023.0,2024.0,2022.0,3103.0,3515.0,3493.0,3349.0,3472.0,3348.0,3166.0,3283.0,3257.0,3338.0,2959.0,3469.0,3453.0,3250.0,3434.0,3230.0,3437.0,3493.0,3396.0,24.820308005,0.019920996
1379.0,1972.0,2177.0,2022.0,2023.0,2024.0,2023.0,2024.0,2023.0,2025.0,2023.0,2025.0,2026.0,2027.0,2028.0,2026.0,2026.0,2024.0,2026.0,2027.0,2029.0,2030.0,2031.0,2027.0,2026.0,3104.0,3515.0,3493.0,3349.0,3472.0,3348.0,3166.0,3283.0,3257.0,3339.0,2958.0,3468.0,3453.0,3250.0,3433.0,3230.0,3436.0,3493.0,3395.0,24.84030498,0.019914561
1378.0,1973.0,2177.0,2026.0,2030.0,2031.0,2033.0,2031.0,2031.0,2032.0,2031.0,2031.0,2033.0,2033.0,2031.0,2032.0,2035.0,2031.0,2027.0,2028.0,2027.0,2026.0,2029.0,2029.0,2027.0,3104.0,3515.0,3493.0,3349.0,3472.0,3348.0,3167.0,3282.0,3256.0,3339.0,2958.0,3469.0,3452.0,3250.0,3433.0,3230.0,3436.0,3494.0,3395.0,24.860304858,0.019932783000000003
1378.0,1971.0,2177.0,2034.0,2035.0,2033.0,2032.0,2032.0,2031.0,2031.0,2031.0,2028.0,2030.0,2027.0,2028.0,2027.0,2025.0,2026.0,2024.0,2021.0,2020.0,2020.0,2021.0,2018.0,2018.0,3103.0,3515.0,3493.0,3349.0,3471.0,3348.0,3167.0,3283.0,3257.0,3340.0,2957.0,3468.0,3454.0,3250.0,3433.0,3229.0,3436.0,3493.0,3395.0,24.880302245,0.019926516000000002
1379.0,1972.0,2178.0,2017.0,2020.0,2017.0,2018.0,2019.0,2019.0,2020.0,2017.0,2014.0,2014.0,2013.0,2013.0,2011.0,2007.0,2009.0,2011.0,2011.0,2011.0,2008.0,2012.0,2007.0,2013.0,3103.0,3515.0,3493.0,3349.0,3472.0,3348.0,3166.0,3282.0,3257.0,3339.0,2958.0,3468.0,3453.0,3250.0,3432.0,3229.0,3437.0,3493.0,3395.0,24.900305133,0.019932402000000002
1379.0,1971.0,2177.0,2023.0,2017.0,2018.0,2020.0,2023.0,2026.0,2024.0,2023.0,2025.0,2020.0,2023.0,2020.0,2023.0,2025.0,2025.0,2026.0,2023.0,2022.0,2025.0,2021.0,2018.0,2018.0,3103.0,3515.0,3493.0,3350.0,3472.0,3348.0,3166.0,3283.0,3257.0,3338.0,2957.0,3468.0,3454.0,3250.0,3432.0,3230.0,3437.0,3493.0,3395.0,24.920305852,0.019933411
1379.0,1972.0,2177.0,2030.0,2030.0,2033.0,2033.0,2035.0,2033.0,2033.0,2032.0,2034.0,2037.0,2037.0,2038.0,2035.0,2037.0,2038.0,2038.0,2032.0,2035.0,2039.0,2043.0,2033.0,2036.0,3103.0,3514.0,3493.0,3349.0,3472.0,3348.0,3166.0,3282.0,3258.0,3338.0,2958.0,3468.0,3453.0,3250.0,3434.0,3229.0,3437.0,3493.0,3395.0,24.940305221,0.019930488
1379.0,1973.0,2177.0,2031.0,2031.0,2028.0,2030.0,2031.0,2025.0,2027.0,2029.0,2028.0,2032.0,2028.0,2030.0,2028.0,2027.0,2027.0,2027.0,2026.0,2024.0,2025.0,2024.0,2022.0,2023.0,3104.0,3515.0,3493.0,3349.0,3471.0,3348.0,3166.0,3283.0,3258.0,3339.0,2957.0,3469.0,3454.0,3250.0,3434.0,3230.0,3436.0,3494.0,3396.0,24.960305335,0.019936735
1379.0,1972.0,2177.0,2030.0,2029.0,2029.0,2028.0,2027.0,2027.0,2029.0,2028.0,2025.0,2026.0,2026.0,2026.0,2025.0,2024.0,2025.0,2027.0,2025.0,2023.0,2021.0,2025.0,2021.0,2020.0,3104.0,3515.0,3493.0,3349.0,3472.0,3347.0,3166.0,3282.0,3257.0,3340.0,2958.0,3469.0,3453.0,3250.0,3433.0,3229.0,3436.0,3493.0,3395.0,24.980303496,0.019931768000000002
1379.0,1973.0,2177.0,2026.0,2024.0,2021.0,2022.0,2023.0,2021.0,2021.0,2026.0,2022.0,2022.0,2025.0,2022.0,2017.0,2020.0,2018.0,2019.0,2017.0,2016.0,2016.0,2019.0,2016.0,2019.0,3104.0,3515.0,3494.0,3349.0,3472.0,3348.0,3166.0,3282.0,3257.0,3339.0,2957.0,3468.0,3454.0,3250.0,3433.0,3230.0,3436.0,3493.0,3395.0,25.000306449,0.019958812000000003
1379.0,1976.0,2176.0,2026.0,2024.0,2021.0,2023.0,2025.0,2025.0,2022.0,2019.0,2019.0,2019.0,2019.0,2020.0,2022.0,2019.0,2021.0,2021.0,2024.0,2022.0,2023.0,2025.0,2023.0,2024.0,3103.0,3515.0,3493.0,3349.0,3472.0,3348.0,3166.0,3282.0,3257.0,3339.0,2957.0,3468.0,3452.0,3250.0,3433.0,3230.0,3436.0,3494.0,3395.0,25.02030693,0.019928262000000002
1379.0,1976.0,2177.0,2022.0,2027.0,2025.0,2026.0,2028.0,2031.0,2031.0,2028.0,2025.0,2026.0,2030.0,2028.0,2030.0,2029.0,2028.0,2031.0,2029.0,2026.0,2030.0,2031.0,2030.0,2027.0,3103.0,3515.0,3493.0,3350.0,3471.0,3347.0,3168.0,3283.0,3257.0,3339.0,2958.0,3468.0,3453.0,3250.0,3433.0,3230.0,3436.0,3493.0,3395.0,25.040306855,0.019929633000000002
1379.0,1974.0,2177.0,2028.0,2029.0,2026.0,2023.0,2025.0,2029.0,2027.0,2025.0,2023.0,2026.0,2027.0,2028.0,2027.0,2022.0,2026.0,2027.0,2026.0,2029.0,2030.0,2031.0,2027.0,2027.0,3103.0,3515.0,3493.0,3349.0,3473.0,3348.0,3167.0,3282.0,3257.0,3339.0,2958.0,3468.0,3454.0,3251.0,3434.0,3229.0,3436.0,3495.0,3395.0,25.060307091,0.019939325
1379.0,1974.0,2177.0,2029.0,2033.0,2030.0,2032.0,2027.0,2029.0,2032.0,2032.0,2030.0,2032.0,2028.0,2025.0,2023.0,2022.0,2025.0,2023.0,2024.0,2026.0,2026.0,2029.0,2024.0,2022.0,3103.0,3515.0,3493.0,3349.0,3472.0,3348.0,3166.0,3284.0,3256.0,3339.0,2958.0,3468.0,3453.0,3250.0,3432.0,3230.0,3437.0,3493.0,3396.0,25.080304369,0.019929204000000002
1379.0,1974.0,2178.0,2017.0,2020.0,2015.0,2015.0,2016.0,2013.0,2014.0,2015.0,2014.0,2013.0,2011.0,2013.0,2012.0,2014.0,2015.0,2014.0,2014.0,2017.0,2015.0,2022.0,2014.0,2018.0,3103.0,3514.0,3494.0,3349.0,3471.0,3348.0,3166.0,3283.0,3258.0,3338.0,2958.0,3468.0,3454.0,3250.0,3433.0,3230.0,3437.0,3494.0,3395.0,25.100307843,0.01995918
1379.0,1973.0,2177.0,2027.0,2025.0,2023.0,2023.0,2024.0,2020.0,2021.0,2022.0,2022.0,2021.0,2019.0,2017.0,2019.0,2024.0,2021.0,2021.0,2025.0,2021.0,2021.0,2026.0,2022.0,2022.0,3105.0,3516.0,3494.0,3350.0,3472.0,3348.0,3166.0,3283.0,3258.0,3339.0,2959.0,3469.0,3454.0,3251.0,3434.0,3229.0,3437.0,3493.0,3395.0,25.120307766,0.019933019
1379.0,1974.0,2178.0,2028.0,2025.0,2026.0,2029.0,2032.0,2028.0,2031.0,2034.0,2032.0,2033.0,2030.0,2029.0,2030.0,2033.0,2035.0,2032.0,2028.0,2030.0,2026.0,2032.0,2030.0,2032.0,3104.0,3515.0,3493.0,3350.0,3472.0,3348.0,3167.0,3283.0,3258.0,3339.0,2957.0,3469.0,3453.0,3251.0,3433.0,3230.0,3436.0,3494.0,3396.0,25.140308104,0.019932166
1378.0,1973.0,2177.0,2021.0,2022.0,2022.0,2021.0,2021.0,2021.0,2020.0,2021.0,2025.0,2027.0,2029.0,2028.0,2028.0,2028.0,2026.0,2024.0,2026.0,2029.0,2027.0,2027.0,2025.0,2028.0,3103.0,3515.0,3493.0,3349.0,3472.0,3347.0,3167.0,3282.0,3257.0,3339.0,2958.0,3468.0,3453.0,3249.0,3433.0,3230.0,3436.0,3494.0,3395.0,25.160308547,0.019939881
1379.0,1974.0,2177.0,2026.0,2026.0,2029.0,2027.0,2027.0,2026.0,2025.0,2025.0,2026.0,2022.0,2020.0,2020.0,2017.0,2018.0,2022.0,2023.0,2021.0,2020.0,2019.0,2020.0,2021.0,2021.0,3103.0,3516.0,3493.0,3349.0,3472.0,3348.0,3166.0,3283.0,3257.0,3339.0,2958.0,3469.0,3454.0,3250.0,3433.0,3230.0,3437.0,3493.0,3395.0,25.180305646,0.019930724
1378.0,1973.0,2178.0,2023.0,2024.0,2024.0,2020.0,2021.0,2025.0,2025.0,2024.0,2021.0,2024.0,2020.0,2018.0,2021.0,2021.0,2021.0,2018.0,2021.0,2017.0,2018.0,2022.0,2019.0,2019.0,3103.0,3516.0,3493.0,3350.0,3471.0,3347.0,3167.0,3283.0,3257.0,3338.0,2959.0,3469.0,3453.0,3250.0,3433.0,3230.0,3436.0,3493.0,3394.0,25.200308996,0.019958511
1379.0,1970.0,2178.0,2025.0,2023.0,2018.0,2023.0,2022.0,2023.0,2021.0,2020.0,2023.0,2023.0,2024.0,2022.0,2023.0,2021.0,2020.0,2016.0,2017.0,2014.0,2013.0,2014.0,2012.0,2014.0,3104.0,3515.0,3493.0,3349.0,3471.0,3349.0,3166.0,3282.0,3257.0,3338.0,2959.0,3468.0,3454.0,3250.0,3433.0,3230.0,3435.0,3493.0,3396.0,25.220312965,0.019938057000000002
1379.0,1971.0,2178.0,2016.0,2015.0,2017.0,2017.0,2016.0,2015.0,2016.0,2016.0,2016.0,2017.0,2022.0,2026.0,2025.0,2021.0,2024.0,2020.0,2022.0,2024.0,2022.0,2024.0,2022.0,2024.0,3104.0,3515.0,3493.0,3349.0,3471.0,3348.0,3165.0,3282.0,3257.0,3338.0,2959.0,3469.0,3454.0,3249.0,3433.0,3229.0,3437.0,3493.0,3394.0,25.240309375,0.01992798
