position 3_tdc_data,position 3_tac_data,position 3_pdc_data,position 3_pac_data_0,position 3_pac_data_1,position 3_pac_data_2,position 3_pac_data_3,position 3_pac_data_4,position 3_pac_data_5,position 3_pac_data_6,position 3_pac_data_7,position 3_pac_data_8,position 3_pac_data_9,position 3_pac_data_10,position 3_pac_data_11,position 3_pac_data_12,position 3_pac_data_13,position 3_pac_data_14,position 3_pac_data_15,position 3_pac_data_16,position 3_pac_data_17,position 3_pac_data_18,position 3_pac_data_19,position 3_pac_data_20,position 3_pac_data_21,position 3_elec_data_0,position 3_elec_data_1,position 3_elec_data_2,position 3_elec_data_3,position 3_elec_data_4,position 3_elec_data_5,position 3_elec_data_6,position 3_elec_data_7,position 3_elec_data_8,position 3_elec_data_9,position 3_elec_data_10,position 3_elec_data_11,position 3_elec_data_12,position 3_elec_data_13,position 3_elec_data_14,position 3_elec_data_15,position 3_elec_data_16,position 3_elec_data_17,position 3_elec_data_18,header_from_controller_start,frame_collection_from_header
1433.0,2011.0,2281.0,2047.0,2050.0,2049.0,2043.0,2041.0,2038.0,2025.0,2035.0,2022.0,2006.0,2011.0,2018.0,2023.0,2020.0,2023.0,2010.0,2013.0,1995.0,2005.0,2004.0,2002.0,2016.0,3207.0,3548.0,3529.0,3409.0,3510.0,3393.0,3195.0,3310.0,3272.0,3360.0,3011.0,3485.0,3478.0,3283.0,3462.0,3265.0,3456.0,3523.0,3430.0,170.482073718,0.019918733
1433.0,2010.0,2280.0,2048.0,2055.0,2056.0,2069.0,2057.0,2050.0,2068.0,2057.0,2065.0,2083.0,2088.0,2086.0,2084.0,2076.0,2078.0,2087.0,2099.0,2102.0,2086.0,2102.0,2101.0,2096.0,3210.0,3548.0,3530.0,3409.0,3510.0,3394.0,3195.0,3310.0,3271.0,3358.0,3007.0,3485.0,3478.0,3281.0,3461.0,3264.0,3454.0,3523.0,3430.0,170.502072309,0.019918673
1433.0,2009.0,2277.0,2118.0,2142.0,2126.0,2141.0,2157.0,2142.0,2130.0,2118.0,2126.0,2148.0,2161.0,2167.0,2148.0,2145.0,2146.0,2158.0,2162.0,2141.0,2152.0,2154.0,2143.0,2150.0,3206.0,3547.0,3529.0,3408.0,3510.0,3393.0,3195.0,3310.0,3273.0,3360.0,3012.0,3487.0,3479.0,3284.0,3463.0,3266.0,3457.0,3522.0,3429.0,170.522073177,0.019939230000000002
1433.0,2007.0,2276.0,2162.0,2156.0,2149.0,2153.0,2144.0,2153.0,2150.0,2141.0,2146.0,2133.0,2142.0,2160.0,2162.0,2152.0,2143.0,2133.0,2141.0,2133.0,2131.0,2149.0,2132.0,2132.0,3199.0,3546.0,3528.0,3404.0,3507.0,3390.0,3196.0,3309.0,3274.0,3360.0,3021.0,3490.0,3482.0,3289.0,3465.0,3269.0,3457.0,3523.0,3429.0,170.542071987,0.019939356000000002
1432.0,2005.0,2273.0,2120.0,2148.0,2154.0,2146.0,2137.0,2136.0,2126.0,2130.0,2134.0,2127.0,2126.0,2118.0,2103.0,2109.0,2114.0,2116.0,2113.0,2093.0,2098.0,2095.0,2094.0,2089.0,3191.0,3544.0,3527.0,3401.0,3506.0,3388.0,3196.0,3309.0,3276.0,3361.0,3029.0,3491.0,3483.0,3291.0,3465.0,3270.0,3457.0,3523.0,3430.0,170.562073964,0.019956923
1433.0,2002.0,2275.0,2014.0,1993.0,1980.0,1981.0,1971.0,1977.0,1982.0,1971.0,1953.0,1963.0,1956.0,1963.0,1965.0,1959.0,1974.0,1964.0,1953.0,1954.0,1967.0,1971.0,1955.0,1956.0,3191.0,3545.0,3526.0,3400.0,3506.0,3388.0,3196.0,3309.0,3277.0,3361.0,3029.0,3491.0,3483.0,3291.0,3464.0,3270.0,3456.0,3523.0,3430.0,170.582074278,0.019938759
1433.0,2003.0,2276.0,1972.0,1981.0,1962.0,1961.0,1949.0,1976.0,1975.0,1959.0,1965.0,1972.0,1978.0,1964.0,1966.0,1960.0,1962.0,1978.0,1986.0,1982.0,1990.0,1998.0,1998.0,2003.0,3197.0,3545.0,3527.0,3403.0,3507.0,3390.0,3197.0,3309.0,3275.0,3360.0,3023.0,3489.0,3481.0,3289.0,3463.0,3268.0,3456.0,3522.0,3430.0,170.602072641,0.019934263
1433.0,1998.0,2276.0,2013.0,2009.0,2018.0,2019.0,2016.0,2007.0,2009.0,2013.0,2015.0,2002.0,2011.0,2010.0,2005.0,1999.0,2000.0,2005.0,1997.0,1998.0,1991.0,1996.0,1993.0,1984.0,3198.0,3546.0,3529.0,3402.0,3508.0,3390.0,3196.0,3310.0,3275.0,3360.0,3022.0,3488.0,3481.0,3288.0,3464.0,3268.0,3456.0,3522.0,3429.0,170.62207529,0.019947236
1433.0,1996.0,2279.0,1942.0,1965.0,1971.0,1949.0,1947.0,1961.0,1943.0,1931.0,1941.0,1949.0,1941.0,1941.0,1937.0,1925.0,1934.0,1927.0,1919.0,1914.0,1913.0,1921.0,1919.0,1906.0,3197.0,3545.0,3527.0,3403.0,3507.0,3390.0,3196.0,3308.0,3275.0,3360.0,3028.0,3490.0,3483.0,3290.0,3465.0,3269.0,3456.0,3522.0,3429.0,170.642073895,0.019930007
1433.0,1993.0,2281.0,1899.0,1895.0,1879.0,1888.0,1880.0,1858.0,1865.0,1865.0,1863.0,1866.0,1861.0,1844.0,1873.0,1863.0,1854.0,1845.0,1854.0,1843.0,1846.0,1857.0,1845.0,1839.0,3198.0,3545.0,3528.0,3404.0,3507.0,3390.0,3196.0,3309.0,3275.0,3361.0,3028.0,3490.0,3482.0,3290.0,3465.0,3269.0,3456.0,3523.0,3429.0,170.662075052,0.019960901
1434.0,1990.0,2286.0,1829.0,1829.0,1819.0,1818.0,1833.0,1834.0,1842.0,1837.0,1842.0,1832.0,1845.0,1856.0,1839.0,1847.0,1859.0,1841.0,1838.0,1828.0,1814.0,1833.0,1840.0,1831.0,3203.0,3546.0,3529.0,3406.0,3508.0,3392.0,3196.0,3309.0,3274.0,3359.0,3025.0,3489.0,3481.0,3288.0,3463.0,3268.0,3456.0,3522.0,3430.0,170.682075445,0.019940981
1433.0,1989.0,2290.0,1803.0,1813.0,1806.0,1810.0,1789.0,1789.0,1800.0,1794.0,1801.0,1811.0,1796.0,1796.0,1788.0,1783.0,1779.0,1792.0,1799.0,1796.0,1808.0,1809.0,1791.0,1808.0,3210.0,3548.0,3530.0,3410.0,3510.0,3394.0,3196.0,3309.0,3272.0,3359.0,3019.0,3486.0,3478.0,3286.0,3462.0,3266.0,3454.0,3523.0,3431.0,170.702074378,0.019947267
1433.0,1988.0,2292.0,1893.0,1881.0,1892.0,1906.0,1898.0,1902.0,1892.0,1901.0,1892.0,1888.0,1900.0,1898.0,1910.0,1921.0,1918.0,1908.0,1904.0,1910.0,1913.0,1906.0,1918.0,1920.0,3217.0,3549.0,3531.0,3413.0,3511.0,3397.0,3195.0,3310.0,3270.0,3357.0,3012.0,3484.0,3478.0,3283.0,3461.0,3264.0,3454.0,3522.0,3430.0,170.722075797,0.019947732000000003
1433.0,1986.0,2293.0,1966.0,1971.0,1949.0,1948.0,1948.0,1940.0,1948.0,1944.0,1969.0,1973.0,1976.0,1972.0,1954.0,1949.0,1954.0,1962.0,1970.0,1959.0,1950.0,1941.0,1948.0,1966.0,3218.0,3548.0,3532.0,3414.0,3511.0,3397.0,3195.0,3310.0,3270.0,3358.0,3013.0,3484.0,3478.0,3283.0,3462.0,3265.0,3454.0,3523.0,3430.0,170.742075124,0.019936172000000002
1433.0,1987.0,2293.0,1964.0,1970.0,1976.0,1978.0,1980.0,1991.0,1990.0,2004.0,1990.0,1993.0,1997.0,1999.0,1996.0,1981.0,2004.0,2009.0,2001.0,2004.0,2003.0,2019.0,2014.0,2024.0,3218.0,3550.0,3531.0,3413.0,3511.0,3396.0,3196.0,3310.0,3270.0,3357.0,3017.0,3484.0,3478.0,3285.0,3463.0,3267.0,3454.0,3523.0,3430.0,170.762076403,0.019953824000000002
1433.0,1984.0,2291.0,2042.0,2037.0,2054.0,2059.0,2080.0,2076.0,2066.0,2073.0,2082.0,2085.0,2087.0,2090.0,2096.0,2108.0,2114.0,2112.0,2122.0,2138.0,2126.0,2125.0,2141.0,2141.0,3214.0,3548.0,3530.0,3411.0,3511.0,3395.0,3195.0,3309.0,3271.0,3357.0,3022.0,3487.0,3480.0,3288.0,3463.0,3268.0,3455.0,3523.0,3430.0,170.78208067,0.019936521000000002
1434.0,1982.0,2289.0,2151.0,2143.0,2142.0,2136.0,2127.0,2128.0,2128.0,2131.0,2117.0,2115.0,2113.0,2120.0,2120.0,2119.0,2118.0,2120.0,2115.0,2126.0,2133.0,2131.0,2123.0,2129.0,3212.0,3548.0,3530.0,3410.0,3510.0,3394.0,3195.0,3309.0,3272.0,3358.0,3021.0,3487.0,3480.0,3288.0,3463.0,3266.0,3455.0,3523.0,3430.0,170.802074911,0.019955806
1433.0,1982.0,2289.0,2099.0,2116.0,2101.0,2085.0,2092.0,2100.0,2088.0,2091.0,2080.0,2080.0,2080.0,2071.0,2067.0,2074.0,2074.0,2058.0,2032.0,2039.0,2047.0,2031.0,2023.0,2028.0,3210.0,3548.0,3530.0,3409.0,3508.0,3393.0,3196.0,3309.0,3272.0,3359.0,3025.0,3488.0,3479.0,3289.0,3462.0,3267.0,3455.0,3522.0,3431.0,170.822076789,0.019948603000000002
1433.0,1980.0,2293.0,1891.0,1898.0,1905.0,1877.0,1869.0,1883.0,1892.0,1884.0,1881.0,1898.0,1893.0,1878.0,1876.0,1846.0,1865.0,1891.0,1878.0,1861.0,1852.0,1856.0,1840.0,1850.0,3209.0,3546.0,3529.0,3409.0,3509.0,3392.0,3196.0,3309.0,3273.0,3358.0,3033.0,3489.0,3481.0,3291.0,3464.0,3269.0,3455.0,3523.0,3430.0,170.842076411,0.019935983
1433.0,1978.0,2296.0,1872.0,1864.0,1863.0,1880.0,1887.0,1894.0,1881.0,1881.0,1877.0,1890.0,1894.0,1897.0,1893.0,1891.0,1895.0,1892.0,1883.0,1874.0,1888.0,1889.0,1888.0,1892.0,3207.0,3545.0,3529.0,3407.0,3509.0,3391.0,3196.0,3308.0,3273.0,3358.0,3040.0,3490.0,3483.0,3294.0,3466.0,3270.0,3455.0,3524.0,3430.0,170.862078049,0.019964447
1433.0,1978.0,2297.0,1898.0,1892.0,1902.0,1905.0,1924.0,1906.0,1917.0,1904.0,1897.0,1906.0,1906.0,1912.0,1922.0,1925.0,1923.0,1918.0,1925.0,1934.0,1940.0,1945.0,1931.0,1935.0,3207.0,3545.0,3528.0,3407.0,3510.0,3392.0,3197.0,3307.0,3274.0,3357.0,3044.0,3491.0,3484.0,3295.0,3466.0,3271.0,3454.0,3524.0,3431.0,170.882079207,0.01993696
1433.0,1977.0,2299.0,1975.0,1955.0,1958.0,1980.0,1978.0,1982.0,1975.0,1966.0,1980.0,1988.0,1977.0,1973.0,1972.0,1961.0,1967.0,1960.0,1956.0,1951.0,1935.0,1921.0,1917.0,1917.0,3208.0,3545.0,3527.0,3407.0,3508.0,3392.0,3196.0,3307.0,3273.0,3358.0,3042.0,3490.0,3483.0,3294.0,3466.0,3270.0,3454.0,3524.0,3430.0,170.90207719,0.019948918
1434.0,1976.0,2303.0,1850.0,1854.0,1854.0,1848.0,1843.0,1853.0,1848.0,1842.0,1841.0,1833.0,1826.0,1825.0,1819.0,1815.0,1810.0,1819.0,1816.0,1806.0,1807.0,1804.0,1794.0,1802.0,3213.0,3546.0,3530.0,3409.0,3510.0,3394.0,3196.0,3308.0,3272.0,3357.0,3039.0,3489.0,3482.0,3294.0,3466.0,3270.0,3452.0,3522.0,3431.0,170.92207846,0.019947180000000002
1433.0,1977.0,2308.0,1756.0,1763.0,1750.0,1735.0,1746.0,1747.0,1730.0,1736.0,1744.0,1730.0,1733.0,1744.0,1721.0,1723.0,1730.0,1734.0,1731.0,1735.0,1732.0,1742.0,1737.0,1745.0,3218.0,3547.0,3530.0,3413.0,3510.0,3396.0,3195.0,3307.0,3270.0,3356.0,3040.0,3488.0,3482.0,3294.0,3466.0,3270.0,3453.0,3524.0,3431.0,170.942076546,0.019935048
1433.0,1976.0,2313.0,1754.0,1764.0,1778.0,1775.0,1767.0,1762.0,1755.0,1764.0,1757.0,1763.0,1761.0,1761.0,1763.0,1763.0,1766.0,1756.0,1749.0,1745.0,1757.0,1758.0,1765.0,1766.0,3217.0,3547.0,3530.0,3413.0,3511.0,3395.0,3195.0,3307.0,3270.0,3355.0,3049.0,3490.0,3484.0,3298.0,3468.0,3272.0,3452.0,3524.0,3432.0,170.962084224,0.019968633
1434.0,1974.0,2318.0,1771.0,1762.0,1758.0,1751.0,1759.0,1761.0,1764.0,1763.0,1772.0,1768.0,1760.0,1775.0,1767.0,1754.0,1776.0,1778.0,1763.0,1764.0,1771.0,1772.0,1768.0,1767.0,3216.0,3545.0,3529.0,3411.0,3511.0,3395.0,3196.0,3306.0,3271.0,3354.0,3056.0,3491.0,3485.0,3300.0,3468.0,3274.0,3451.0,3524.0,3431.0,170.982151181,0.019994197000000002
1434.0,1976.0,2319.0,1850.0,1857.0,1857.0,1865.0,1865.0,1868.0,1890.0,1909.0,1908.0,1910.0,1917.0,1924.0,1938.0,1948.0,1956.0,1951.0,1959.0,1970.0,1978.0,1989.0,1990.0,1995.0,3222.0,3547.0,3531.0,3413.0,3512.0,3396.0,3194.0,3305.0,3268.0,3354.0,3052.0,3489.0,3484.0,3300.0,3468.0,3274.0,3451.0,3523.0,3432.0,171.002077878,0.019869921000000002
1434.0,1973.0,2315.0,2107.0,2118.0,2120.0,2117.0,2119.0,2123.0,2132.0,2139.0,2151.0,2155.0,2151.0,2158.0,2161.0,2170.0,2176.0,2181.0,2182.0,2186.0,2190.0,2196.0,2203.0,2211.0,3225.0,3548.0,3532.0,3417.0,3513.0,3399.0,3193.0,3306.0,3266.0,3354.0,3039.0,3486.0,3481.0,3294.0,3465.0,3270.0,3451.0,3524.0,3430.0,171.02208138,0.01995776
1434.0,1973.0,2310.0,2284.0,2283.0,2288.0,2287.0,2287.0,2289.0,2283.0,2288.0,2284.0,2280.0,2290.0,2285.0,2283.0,2283.0,2282.0,2279.0,2275.0,2272.0,2272.0,2271.0,2264.0,2259.0,3228.0,3550.0,3533.0,3420.0,3514.0,3400.0,3193.0,3308.0,3265.0,3354.0,3024.0,3482.0,3478.0,3288.0,3463.0,3268.0,3452.0,3524.0,3432.0,171.042079619,0.019928101
1434.0,1971.0,2310.0,2142.0,2136.0,2130.0,2123.0,2119.0,2107.0,2099.0,2091.0,2084.0,2076.0,2071.0,2063.0,2054.0,2043.0,2040.0,2029.0,2024.0,2022.0,2004.0,1995.0,1984.0,1975.0,3229.0,3551.0,3533.0,3419.0,3514.0,3400.0,3193.0,3308.0,3266.0,3354.0,3023.0,3483.0,3478.0,3288.0,3464.0,3267.0,3452.0,3524.0,3431.0,171.062081726,0.019930423000000003
1434.0,1971.0,2315.0,1825.0,1815.0,1812.0,1807.0,1804.0,1801.0,1801.0,1805.0,1799.0,1796.0,1795.0,1797.0,1802.0,1804.0,1808.0,1810.0,1811.0,1814.0,1813.0,1820.0,1822.0,1826.0,3230.0,3550.0,3533.0,3420.0,3514.0,3401.0,3194.0,3307.0,3265.0,3354.0,3028.0,3483.0,3478.0,3289.0,3464.0,3268.0,3451.0,3525.0,3432.0,171.082113763,0.019965594
1433.0,1967.0,2314.0,1929.0,1938.0,1952.0,1962.0,1967.0,1972.0,1976.0,1991.0,1999.0,2006.0,2018.0,2028.0,2037.0,2049.0,2060.0,2065.0,2072.0,2084.0,2094.0,2103.0,2107.0,2113.0,3228.0,3549.0,3533.0,3418.0,3512.0,3399.0,3193.0,3307.0,3266.0,3354.0,3034.0,3485.0,3481.0,3292.0,3465.0,3270.0,3452.0,3525.0,3432.0,171.102079671,0.019927047
1434.0,1968.0,2307.0,2263.0,2271.0,2273.0,2276.0,2277.0,2283.0,2285.0,2289.0,2296.0,2298.0,2304.0,2310.0,2315.0,2316.0,2319.0,2324.0,2330.0,2334.0,2339.0,2335.0,2337.0,2337.0,3226.0,3549.0,3533.0,3417.0,3513.0,3399.0,3194.0,3308.0,3266.0,3355.0,3029.0,3485.0,3481.0,3290.0,3464.0,3269.0,3452.0,3525.0,3432.0,171.122082661,0.019935744000000002
1434.0,1968.0,2303.0,2340.0,2338.0,2334.0,2328.0,2323.0,2318.0,2312.0,2304.0,2297.0,2292.0,2285.0,2277.0,2266.0,2260.0,2253.0,2242.0,2233.0,2226.0,2213.0,2206.0,2195.0,2187.0,3225.0,3550.0,3532.0,3417.0,3514.0,3400.0,3194.0,3308.0,3268.0,3356.0,3019.0,3483.0,3478.0,3286.0,3463.0,3267.0,3453.0,3524.0,3431.0,171.142079686,0.019932213
1434.0,1966.0,2307.0,1972.0,1958.0,1952.0,1945.0,1934.0,1927.0,1920.0,1909.0,1899.0,1894.0,1887.0,1880.0,1871.0,1864.0,1856.0,1849.0,1846.0,1841.0,1835.0,1832.0,1822.0,1818.0,3230.0,3551.0,3534.0,3421.0,3515.0,3403.0,3192.0,3308.0,3264.0,3354.0,3010.0,3482.0,3477.0,3283.0,3462.0,3266.0,3453.0,3524.0,3431.0,171.162083077,0.01996051
1434.0,1967.0,2314.0,1729.0,1722.0,1722.0,1720.0,1722.0,1723.0,1718.0,1719.0,1715.0,1715.0,1719.0,1719.0,1720.0,1721.0,1720.0,1718.0,1721.0,1720.0,1721.0,1727.0,1725.0,1723.0,3237.0,3553.0,3536.0,3426.0,3517.0,3406.0,3190.0,3309.0,3262.0,3353.0,3001.0,3478.0,3475.0,3279.0,3460.0,3264.0,3452.0,3525.0,3432.0,171.182083307,0.019934225
1434.0,1968.0,2318.0,1757.0,1758.0,1758.0,1757.0,1756.0,1758.0,1756.0,1758.0,1761.0,1760.0,1760.0,1760.0,1762.0,1763.0,1761.0,1765.0,1765.0,1761.0,1757.0,1760.0,1753.0,1755.0,3248.0,3555.0,3538.0,3432.0,3518.0,3411.0,3188.0,3309.0,3257.0,3352.0,2984.0,3473.0,3470.0,3273.0,3459.0,3259.0,3450.0,3524.0,3432.0,171.202081966,0.019929763
1434.0,1967.0,2323.0,1750.0,1750.0,1754.0,1753.0,1753.0,1754.0,1757.0,1760.0,1760.0,1765.0,1762.0,1767.0,1767.0,1773.0,1774.0,1778.0,1782.0,1783.0,1786.0,1792.0,1793.0,1795.0,3255.0,3556.0,3540.0,3437.0,3521.0,3413.0,3186.0,3309.0,3253.0,3351.0,2977.0,3471.0,3469.0,3272.0,3457.0,3259.0,3449.0,3525.0,3433.0,171.222084335,0.019939335000000002
1433.0,1965.0,2326.0,1840.0,1837.0,1840.0,1844.0,1845.0,1848.0,1851.0,1854.0,1858.0,1857.0,1859.0,1859.0,1865.0,1868.0,1867.0,1866.0,1868.0,1867.0,1870.0,1873.0,1871.0,1870.0,3252.0,3556.0,3540.0,3435.0,3521.0,3413.0,3185.0,3307.0,3256.0,3350.0,2992.0,3476.0,3473.0,3279.0,3462.0,3264.0,3449.0,3525.0,3433.0,171.242081556,0.019925867
1434.0,1963.0,2327.0,1907.0,1909.0,1912.0,1908.0,1913.0,1917.0,1916.0,1919.0,1923.0,1924.0,1922.0,1923.0,1923.0,1927.0,1927.0,1927.0,1925.0,1926.0,1930.0,1934.0,1926.0,1930.0,3242.0,3553.0,3536.0,3432.0,3520.0,3411.0,3186.0,3306.0,3258.0,3351.0,3014.0,3482.0,3480.0,3290.0,3466.0,3271.0,3451.0,3525.0,3434.0,171.26208433,0.019937748
1434.0,1965.0,2331.0,1873.0,1869.0,1861.0,1860.0,1860.0,1855.0,1852.0,1850.0,1850.0,1844.0,1844.0,1841.0,1841.0,1833.0,1830.0,1824.0,1824.0,1818.0,1814.0,1815.0,1807.0,1805.0,3238.0,3552.0,3538.0,3430.0,3519.0,3410.0,3185.0,3304.0,3259.0,3351.0,3025.0,3487.0,3482.0,3297.0,3468.0,3277.0,3451.0,3528.0,3435.0,171.282084693,0.019934078
1434.0,1965.0,2337.0,1753.0,1750.0,1748.0,1743.0,1747.0,1744.0,1745.0,1747.0,1747.0,1747.0,1748.0,1751.0,1750.0,1748.0,1753.0,1754.0,1756.0,1758.0,1762.0,1767.0,1766.0,1763.0,3238.0,3553.0,3537.0,3431.0,3520.0,3412.0,3183.0,3303.0,3258.0,3350.0,3027.0,3486.0,3483.0,3298.0,3468.0,3278.0,3450.0,3529.0,3435.0,171.30208241,0.019930820000000002
1434.0,1964.0,2340.0,1800.0,1799.0,1803.0,1806.0,1802.0,1802.0,1803.0,1805.0,1805.0,1805.0,1807.0,1811.0,1807.0,1809.0,1809.0,1806.0,1803.0,1803.0,1802.0,1809.0,1799.0,1800.0,3240.0,3553.0,3537.0,3431.0,3520.0,3412.0,3182.0,3302.0,3257.0,3349.0,3031.0,3486.0,3484.0,3302.0,3469.0,3280.0,3450.0,3528.0,3435.0,171.322085087,0.019935209000000002
1434.0,1967.0,2344.0,1822.0,1821.0,1825.0,1828.0,1830.0,1835.0,1834.0,1838.0,1840.0,1842.0,1845.0,1848.0,1851.0,1852.0,1855.0,1854.0,1859.0,1857.0,1853.0,1861.0,1862.0,1861.0,3238.0,3552.0,3537.0,3431.0,3520.0,3412.0,3181.0,3302.0,3257.0,3349.0,3039.0,3488.0,3486.0,3306.0,3473.0,3283.0,3449.0,3529.0,3436.0,171.342082441,0.019930933
1433.0,1969.0,2345.0,1864.0,1863.0,1860.0,1863.0,1860.0,1859.0,1865.0,1862.0,1861.0,1865.0,1867.0,1866.0,1866.0,1867.0,1869.0,1867.0,1867.0,1868.0,1869.0,1874.0,1875.0,1875.0,3237.0,3553.0,3539.0,3433.0,3522.0,3412.0,3179.0,3300.0,3257.0,3347.0,3039.0,3488.0,3486.0,3307.0,3472.0,3284.0,3449.0,3529.0,3437.0,171.362085957,0.019935648
1434.0,1970.0,2347.0,1919.0,1926.0,1927.0,1930.0,1933.0,1939.0,1942.0,1943.0,1942.0,1949.0,1954.0,1956.0,1960.0,1966.0,1969.0,1978.0,1979.0,1979.0,1983.0,1992.0,1994.0,1996.0,3238.0,3552.0,3538.0,3434.0,3522.0,3415.0,3177.0,3299.0,3255.0,3347.0,3036.0,3489.0,3487.0,3308.0,3474.0,3286.0,3449.0,3529.0,3438.0,171.382085826,0.019932885
1435.0,1971.0,2344.0,2069.0,2074.0,2077.0,2078.0,2082.0,2086.0,2091.0,2092.0,2096.0,2100.0,2100.0,2101.0,2103.0,2105.0,2108.0,2107.0,2110.0,2110.0,2109.0,2113.0,2113.0,2110.0,3234.0,3552.0,3538.0,3433.0,3522.0,3415.0,3176.0,3298.0,3255.0,3348.0,3042.0,3492.0,3490.0,3313.0,3476.0,3290.0,3451.0,3530.0,3438.0,171.402082797,0.019927328
1434.0,1974.0,2344.0,2089.0,2091.0,2091.0,2092.0,2089.0,2086.0,2084.0,2084.0,2082.0,2086.0,2083.0,2081.0,2075.0,2074.0,2071.0,2068.0,2066.0,2068.0,2061.0,2064.0,2060.0,2059.0,3228.0,3551.0,3537.0,3430.0,3520.0,3413.0,3176.0,3298.0,3257.0,3349.0,3049.0,3495.0,3492.0,3317.0,3477.0,3293.0,3451.0,3531.0,3439.0,171.422085932,0.019960362000000002
1434.0,1976.0,2345.0,1989.0,1981.0,1978.0,1976.0,1975.0,1971.0,1965.0,1958.0,1953.0,1951.0,1949.0,1946.0,1939.0,1933.0,1930.0,1927.0,1925.0,1922.0,1917.0,1918.0,1913.0,1912.0,3228.0,3552.0,3538.0,3431.0,3521.0,3414.0,3174.0,3297.0,3257.0,3348.0,3046.0,3495.0,3492.0,3317.0,3478.0,3293.0,3450.0,3530.0,3439.0,171.442083512,0.019935246
1434.0,1975.0,2347.0,1898.0,1899.0,1906.0,1908.0,1911.0,1911.0,1916.0,1917.0,1919.0,1920.0,1928.0,1930.0,1935.0,1937.0,1942.0,1944.0,1948.0,1951.0,1953.0,1964.0,1962.0,1967.0,3230.0,3553.0,3537.0,3433.0,3521.0,3416.0,3173.0,3297.0,3256.0,3347.0,3046.0,3494.0,3492.0,3317.0,3478.0,3294.0,3449.0,3530.0,3439.0,171.462083857,0.019939208
1434.0,1980.0,2344.0,2065.0,2069.0,2072.0,2076.0,2079.0,2086.0,2087.0,2094.0,2097.0,2103.0,2109.0,2113.0,2115.0,2116.0,2123.0,2126.0,2131.0,2135.0,2141.0,2146.0,2146.0,2149.0,3228.0,3551.0,3538.0,3430.0,3520.0,3414.0,3174.0,3296.0,3257.0,3347.0,3050.0,3496.0,3493.0,3319.0,3478.0,3295.0,3451.0,3532.0,3438.0,171.482087059,0.019960873
1434.0,1983.0,2340.0,2232.0,2233.0,2235.0,2236.0,2236.0,2237.0,2237.0,2238.0,2240.0,2237.0,2239.0,2239.0,2237.0,2234.0,2231.0,2227.0,2224.0,2224.0,2219.0,2220.0,2211.0,2207.0,3224.0,3550.0,3537.0,3429.0,3520.0,3412.0,3176.0,3298.0,3260.0,3349.0,3052.0,3497.0,3493.0,3319.0,3478.0,3294.0,3452.0,3530.0,3438.0,171.502084542,0.019930358000000002
1434.0,1986.0,2338.0,2138.0,2136.0,2138.0,2135.0,2134.0,2133.0,2130.0,2130.0,2130.0,2131.0,2132.0,2132.0,2132.0,2131.0,2132.0,2133.0,2131.0,2130.0,2129.0,2131.0,2130.0,2127.0,3223.0,3550.0,3536.0,3427.0,3519.0,3411.0,3177.0,3298.0,3260.0,3349.0,3056.0,3497.0,3492.0,3318.0,3477.0,3293.0,3451.0,3530.0,3438.0,171.522087418,0.0199627
1434.0,1989.0,2339.0,2087.0,2082.0,2078.0,2074.0,2077.0,2075.0,2069.0,2068.0,2065.0,2060.0,2057.0,2050.0,2053.0,2046.0,2047.0,2046.0,2044.0,2041.0,2036.0,2036.0,2039.0,2034.0,3223.0,3550.0,3535.0,3426.0,3519.0,3409.0,3181.0,3299.0,3261.0,3350.0,3057.0,3496.0,3492.0,3316.0,3477.0,3291.0,3451.0,3529.0,3437.0,171.542087804,0.019933432
1434.0,1993.0,2337.0,2064.0,2067.0,2071.0,2075.0,2070.0,2075.0,2077.0,2081.0,2083.0,2090.0,2092.0,2093.0,2095.0,2095.0,2098.0,2099.0,2103.0,2105.0,2108.0,2109.0,2110.0,2113.0,3223.0,3549.0,3535.0,3424.0,3518.0,3407.0,3183.0,3299.0,3262.0,3351.0,3060.0,3496.0,3491.0,3315.0,3474.0,3289.0,3450.0,3529.0,3437.0,171.562092327,0.019936046000000002
1434.0,1996.0,2336.0,2107.0,2105.0,2102.0,2103.0,2101.0,2105.0,2100.0,2097.0,2094.0,2091.0,2098.0,2092.0,2094.0,2091.0,2092.0,2094.0,2091.0,2089.0,2088.0,2088.0,2087.0,2088.0,3226.0,3550.0,3534.0,3423.0,3517.0,3405.0,3187.0,3300.0,3263.0,3350.0,3059.0,3494.0,3490.0,3311.0,3473.0,3284.0,3450.0,3527.0,3435.0,171.582088616,0.019936547000000002
1434.0,2001.0,2334.0,2095.0,2097.0,2100.0,2102.0,2105.0,2108.0,2112.0,2114.0,2117.0,2123.0,2124.0,2123.0,2127.0,2124.0,2125.0,2129.0,2132.0,2134.0,2134.0,2138.0,2136.0,2136.0,3229.0,3550.0,3534.0,3423.0,3516.0,3404.0,3189.0,3302.0,3263.0,3350.0,3054.0,3490.0,3487.0,3305.0,3470.0,3280.0,3449.0,3526.0,3434.0,171.602085388,0.019928487
1434.0,2004.0,2331.0,2149.0,2153.0,2152.0,2154.0,2156.0,2157.0,2160.0,2160.0,2163.0,2164.0,2161.0,2160.0,2160.0,2162.0,2164.0,2162.0,2162.0,2159.0,2156.0,2156.0,2151.0,2153.0,3233.0,3550.0,3533.0,3424.0,3516.0,3404.0,3190.0,3303.0,3262.0,3351.0,3049.0,3489.0,3484.0,3301.0,3469.0,3276.0,3450.0,3526.0,3434.0,171.622174949,0.020050566000000002
1434.0,2007.0,2329.0,2150.0,2149.0,2151.0,2150.0,2148.0,2148.0,2149.0,2148.0,2147.0,2148.0,2151.0,2151.0,2155.0,2154.0,2157.0,2151.0,2157.0,2158.0,2160.0,2162.0,2162.0,2164.0,3238.0,3551.0,3534.0,3423.0,3516.0,3403.0,3192.0,3305.0,3262.0,3350.0,3040.0,3484.0,3482.0,3294.0,3466.0,3271.0,3448.0,3526.0,3434.0,171.64208923,0.019877914
1434.0,2013.0,2326.0,2202.0,2200.0,2190.0,2190.0,2195.0,2198.0,2198.0,2189.0,2184.0,2181.0,2177.0,2180.0,2176.0,2172.0,2164.0,2153.0,2156.0,2147.0,2145.0,2146.0,2139.0,2138.0,3239.0,3551.0,3534.0,3425.0,3516.0,3403.0,3193.0,3306.0,3263.0,3351.0,3037.0,3484.0,3480.0,3291.0,3465.0,3268.0,3448.0,3524.0,3432.0,171.66208591,0.019925541
1434.0,2017.0,2323.0,2140.0,2149.0,2155.0,2149.0,2156.0,2164.0,2165.0,2166.0,2165.0,2170.0,2171.0,2177.0,2180.0,2186.0,2187.0,2194.0,2205.0,2209.0,2208.0,2211.0,2219.0,2224.0,3237.0,3550.0,3535.0,3423.0,3515.0,3403.0,3194.0,3306.0,3264.0,3351.0,3039.0,3484.0,3481.0,3293.0,3465.0,3270.0,3449.0,3525.0,3433.0,171.682089714,0.019970901000000003
1434.0,2022.0,2318.0,2251.0,2246.0,2247.0,2251.0,2241.0,2249.0,2248.0,2246.0,2240.0,2231.0,2236.0,2229.0,2234.0,2234.0,2226.0,2228.0,2224.0,2220.0,2226.0,2225.0,2220.0,2213.0,3231.0,3550.0,3533.0,3419.0,3514.0,3400.0,3194.0,3306.0,3266.0,3352.0,3043.0,3487.0,3482.0,3295.0,3466.0,3271.0,3450.0,3524.0,3432.0,171.702087244,0.019929874
1434.0,2024.0,2316.0,2187.0,2178.0,2181.0,2183.0,2175.0,2165.0,2164.0,2166.0,2162.0,2160.0,2160.0,2138.0,2134.0,2143.0,2145.0,2138.0,2136.0,2123.0,2137.0,2124.0,2108.0,2117.0,3226.0,3549.0,3531.0,3417.0,3513.0,3399.0,3196.0,3306.0,3268.0,3353.0,3048.0,3489.0,3484.0,3296.0,3466.0,3271.0,3450.0,3525.0,3431.0,171.722089919,0.019934163
1434.0,2028.0,2319.0,1985.0,1982.0,1972.0,1968.0,1965.0,1957.0,1945.0,1941.0,1943.0,1943.0,1934.0,1912.0,1912.0,1924.0,1933.0,1926.0,1920.0,1908.0,1895.0,1901.0,1899.0,1902.0,3225.0,3549.0,3531.0,3417.0,3514.0,3398.0,3194.0,3306.0,3268.0,3352.0,3049.0,3488.0,3482.0,3297.0,3466.0,3272.0,3450.0,3525.0,3432.0,171.742101536,0.019947758000000003
1433.0,2030.0,2322.0,1886.0,1888.0,1892.0,1878.0,1884.0,1884.0,1881.0,1887.0,1887.0,1894.0,1892.0,1891.0,1878.0,1883.0,1877.0,1878.0,1875.0,1875.0,1879.0,1884.0,1872.0,1869.0,3229.0,3549.0,3533.0,3419.0,3514.0,3400.0,3195.0,3305.0,3266.0,3353.0,3044.0,3487.0,3483.0,3296.0,3467.0,3272.0,3449.0,3525.0,3433.0,171.762087518,0.019913851
1434.0,2035.0,2324.0,1900.0,1902.0,1919.0,1926.0,1926.0,1923.0,1938.0,1942.0,1938.0,1958.0,1968.0,1960.0,1967.0,1970.0,1975.0,1981.0,1997.0,1991.0,1990.0,2000.0,2004.0,2005.0,3235.0,3550.0,3534.0,3422.0,3515.0,3400.0,3193.0,3305.0,3264.0,3352.0,3039.0,3485.0,3481.0,3292.0,3465.0,3270.0,3449.0,3525.0,3432.0,171.782168762,0.020041896
1434.0,2037.0,2321.0,2076.0,2081.0,2091.0,2090.0,2088.0,2096.0,2106.0,2107.0,2114.0,2106.0,2095.0,2107.0,2105.0,2112.0,2118.0,2111.0,2115.0,2111.0,2105.0,2110.0,2098.0,2104.0,3234.0,3550.0,3534.0,3422.0,3515.0,3401.0,3194.0,3306.0,3264.0,3352.0,3038.0,3484.0,3480.0,3292.0,3464.0,3269.0,3449.0,3525.0,3431.0,171.802087261,0.019876905
1433.0,2038.0,2321.0,2076.0,2071.0,2077.0,2080.0,2073.0,2068.0,2059.0,2065.0,2069.0,2064.0,2068.0,2071.0,2055.0,2041.0,2046.0,2046.0,2059.0,2059.0,2045.0,2025.0,2023.0,2023.0,3231.0,3550.0,3532.0,3419.0,3514.0,3400.0,3195.0,3306.0,3266.0,3352.0,3043.0,3486.0,3481.0,3294.0,3465.0,3270.0,3450.0,3525.0,3431.0,171.822089676,0.019945587
1434.0,2036.0,2322.0,1971.0,1963.0,1965.0,1966.0,1974.0,1979.0,1970.0,1977.0,1984.0,1988.0,1988.0,1976.0,1984.0,1988.0,1984.0,1994.0,1999.0,2004.0,1989.0,1999.0,2008.0,2005.0,3233.0,3550.0,3533.0,3420.0,3514.0,3401.0,3195.0,3305.0,3265.0,3351.0,3043.0,3485.0,3481.0,3294.0,3466.0,3270.0,3450.0,3525.0,3432.0,171.842090125,0.019939225
1433.0,2036.0,2321.0,2072.0,2071.0,2062.0,2064.0,2074.0,2074.0,2083.0,2075.0,2066.0,2075.0,2080.0,2064.0,2077.0,2080.0,2074.0,2078.0,2092.0,2086.0,2078.0,2072.0,2065.0,2068.0,3232.0,3550.0,3533.0,3419.0,3514.0,3400.0,3194.0,3306.0,3265.0,3352.0,3042.0,3486.0,3482.0,3293.0,3466.0,3270.0,3450.0,3525.0,3431.0,171.862088001,0.019934672
1434.0,2040.0,2321.0,2054.0,2065.0,2061.0,2054.0,2055.0,2058.0,2051.0,2048.0,2040.0,2042.0,2057.0,2039.0,2048.0,2042.0,2042.0,2022.0,2021.0,2024.0,2019.0,2029.0,2024.0,2019.0,3230.0,3549.0,3532.0,3419.0,3514.0,3400.0,3196.0,3305.0,3266.0,3352.0,3046.0,3486.0,3482.0,3295.0,3466.0,3271.0,3450.0,3524.0,3432.0,171.882089782,0.019969240000000003
1433.0,2039.0,2321.0,1992.0,2005.0,1996.0,2003.0,2003.0,2017.0,2020.0,2010.0,1995.0,2004.0,2020.0,2017.0,2015.0,2015.0,2003.0,2009.0,2025.0,2030.0,2033.0,2043.0,2040.0,2044.0,3228.0,3548.0,3532.0,3417.0,3513.0,3399.0,3195.0,3305.0,3267.0,3352.0,3052.0,3488.0,3483.0,3297.0,3467.0,3272.0,3450.0,3525.0,3432.0,171.902089957,0.019929938
1434.0,2039.0,2318.0,2092.0,2099.0,2105.0,2113.0,2110.0,2108.0,2110.0,2130.0,2119.0,2129.0,2130.0,2146.0,2139.0,2142.0,2146.0,2150.0,2152.0,2150.0,2150.0,2150.0,2152.0,2167.0,3224.0,3547.0,3531.0,3416.0,3512.0,3398.0,3195.0,3305.0,3267.0,3353.0,3056.0,3490.0,3484.0,3299.0,3467.0,3273.0,3451.0,3525.0,3433.0,171.922092346,0.019935569
1434.0,2041.0,2316.0,2129.0,2137.0,2138.0,2129.0,2131.0,2131.0,2126.0,2125.0,2110.0,2115.0,2123.0,2130.0,2142.0,2142.0,2123.0,2117.0,2122.0,2126.0,2135.0,2148.0,2119.0,2111.0,3221.0,3547.0,3531.0,3414.0,3512.0,3395.0,3197.0,3305.0,3270.0,3354.0,3060.0,3491.0,3486.0,3302.0,3467.0,3275.0,3450.0,3525.0,3432.0,171.94209213,0.019933035
1433.0,2040.0,2314.0,2171.0,2185.0,2178.0,2174.0,2174.0,2155.0,2160.0,2161.0,2145.0,2154.0,2166.0,2167.0,2153.0,2148.0,2160.0,2169.0,2171.0,2159.0,2147.0,2153.0,2168.0,2159.0,3212.0,3544.0,3528.0,3409.0,3509.0,3393.0,3197.0,3303.0,3273.0,3354.0,3072.0,3495.0,3488.0,3308.0,3470.0,3279.0,3451.0,3524.0,3433.0,171.962100782,0.019940192000000002
1433.0,2037.0,2314.0,2140.0,2137.0,2107.0,2089.0,2085.0,2095.0,2095.0,2098.0,2082.0,2093.0,2085.0,2086.0,2065.0,2042.0,2053.0,2036.0,2052.0,2055.0,2039.0,2057.0,2052.0,2035.0,3202.0,3542.0,3526.0,3404.0,3508.0,3390.0,3197.0,3303.0,3274.0,3355.0,3081.0,3499.0,3492.0,3312.0,3474.0,3282.0,3452.0,3524.0,3432.0,171.982093092,0.019952524000000003
1434.0,2037.0,2314.0,2004.0,1981.0,2000.0,1991.0,1994.0,1990.0,2014.0,2009.0,1985.0,1968.0,1972.0,1985.0,1976.0,1979.0,1982.0,1969.0,1990.0,1966.0,1955.0,1966.0,1957.0,1947.0,3200.0,3542.0,3526.0,3403.0,3507.0,3389.0,3199.0,3303.0,3275.0,3355.0,3084.0,3498.0,3491.0,3314.0,3473.0,3283.0,3451.0,3525.0,3432.0,172.002090436,0.019928593
1434.0,2038.0,2316.0,1896.0,1885.0,1879.0,1895.0,1895.0,1914.0,1910.0,1908.0,1901.0,1899.0,1906.0,1915.0,1934.0,1947.0,1940.0,1925.0,1932.0,1942.0,1942.0,1949.0,1946.0,1938.0,3205.0,3542.0,3527.0,3406.0,3510.0,3391.0,3198.0,3303.0,3274.0,3354.0,3079.0,3497.0,3490.0,3310.0,3472.0,3279.0,3450.0,3524.0,3431.0,172.022091572,0.019938506
1433.0,2036.0,2318.0,1894.0,1898.0,1899.0,1911.0,1909.0,1906.0,1912.0,1912.0,1899.0,1898.0,1934.0,1934.0,1934.0,1937.0,1933.0,1931.0,1940.0,1937.0,1938.0,1955.0,1953.0,1937.0,3211.0,3544.0,3529.0,3409.0,3509.0,3392.0,3197.0,3303.0,3273.0,3354.0,3073.0,3494.0,3489.0,3308.0,3471.0,3278.0,3450.0,3525.0,3433.0,172.042091584,0.019943807
1433.0,2035.0,2319.0,1961.0,1964.0,1968.0,1977.0,1980.0,1983.0,1960.0,1959.0,1976.0,1998.0,1994.0,2005.0,2038.0,2051.0,2026.0,2026.0,2025.0,2055.0,2059.0,2073.0,2083.0,2073.0,3212.0,3545.0,3529.0,3409.0,3510.0,3394.0,3197.0,3304.0,3272.0,3354.0,3073.0,3495.0,3488.0,3308.0,3472.0,3279.0,3450.0,3525.0,3433.0,172.062090192,0.019936527000000002
1433.0,2032.0,2314.0,2164.0,2170.0,2169.0,2176.0,2192.0,2205.0,2214.0,2197.0,2197.0,2200.0,2197.0,2227.0,2241.0,2249.0,2250.0,2227.0,2238.0,2252.0,2270.0,2269.0,2280.0,2288.0,3212.0,3545.0,3528.0,3409.0,3510.0,3393.0,3197.0,3304.0,3272.0,3354.0,3069.0,3494.0,3487.0,3306.0,3470.0,3277.0,3451.0,3524.0,3431.0,172.082091265,0.019961403000000003
1434.0,2032.0,2307.0,2326.0,2312.0,2307.0,2315.0,2317.0,2312.0,2308.0,2326.0,2322.0,2332.0,2322.0,2320.0,2321.0,2321.0,2307.0,2293.0,2294.0,2300.0,2303.0,2293.0,2277.0,2275.0,3213.0,3545.0,3530.0,3410.0,3511.0,3394.0,3198.0,3305.0,3272.0,3354.0,3056.0,3491.0,3484.0,3301.0,3467.0,3274.0,3452.0,3524.0,3432.0,172.102091234,0.019962173
1433.0,2029.0,2307.0,2187.0,2171.0,2169.0,2179.0,2172.0,2163.0,2166.0,2155.0,2164.0,2171.0,2160.0,2164.0,2170.0,2150.0,2136.0,2120.0,2127.0,2155.0,2143.0,2117.0,2102.0,2094.0,3220.0,3547.0,3530.0,3414.0,3511.0,3397.0,3197.0,3307.0,3269.0,3355.0,3041.0,3487.0,3482.0,3293.0,3465.0,3269.0,3452.0,3523.0,3432.0,172.122092742,0.019938564000000002
1434.0,2025.0,2309.0,1994.0,2006.0,2000.0,1994.0,1995.0,1999.0,1997.0,1975.0,1981.0,2009.0,2001.0,1969.0,1965.0,1958.0,1960.0,1967.0,1961.0,1952.0,1948.0,1939.0,1938.0,1939.0,3228.0,3549.0,3533.0,3419.0,3513.0,3399.0,3196.0,3308.0,3267.0,3354.0,3028.0,3484.0,3479.0,3288.0,3463.0,3265.0,3452.0,3523.0,3430.0,172.142092953,0.019940624
1433.0,2023.0,2309.0,1954.0,1960.0,1951.0,1950.0,1974.0,1979.0,1982.0,1983.0,1981.0,1970.0,1984.0,1966.0,1974.0,1990.0,1990.0,2004.0,1981.0,1971.0,1995.0,2002.0,2002.0,1990.0,3228.0,3550.0,3534.0,3419.0,3514.0,3399.0,3196.0,3308.0,3267.0,3354.0,3031.0,3484.0,3479.0,3289.0,3464.0,3267.0,3451.0,3524.0,3431.0,172.162092343,0.019938838
1434.0,2024.0,2307.0,2060.0,2096.0,2081.0,2073.0,2079.0,2058.0,2060.0,2078.0,2096.0,2100.0,2101.0,2095.0,2084.0,2093.0,2104.0,2117.0,2103.0,2114.0,2121.0,2146.0,2126.0,2140.0,3225.0,3549.0,3532.0,3416.0,3512.0,3398.0,3196.0,3307.0,3269.0,3354.0,3039.0,3487.0,3481.0,3293.0,3466.0,3269.0,3451.0,3524.0,3431.0,172.182093815,0.019964173
1434.0,2023.0,2302.0,2235.0,2235.0,2226.0,2227.0,2236.0,2243.0,2257.0,2252.0,2246.0,2251.0,2240.0,2248.0,2259.0,2257.0,2260.0,2258.0,2255.0,2250.0,2250.0,2260.0,2256.0,2253.0,3218.0,3548.0,3531.0,3413.0,3511.0,3396.0,3197.0,3307.0,3270.0,3356.0,3043.0,3489.0,3482.0,3295.0,3467.0,3271.0,3453.0,3524.0,3432.0,172.202094325,0.01993207
1434.0,2022.0,2298.0,2259.0,2261.0,2260.0,2256.0,2253.0,2254.0,2260.0,2253.0,2250.0,2247.0,2234.0,2242.0,2249.0,2256.0,2237.0,2216.0,2220.0,2229.0,2225.0,2242.0,2229.0,2224.0,3212.0,3546.0,3530.0,3410.0,3510.0,3394.0,3197.0,3307.0,3272.0,3356.0,3045.0,3491.0,3484.0,3297.0,3466.0,3273.0,3452.0,3523.0,3432.0,172.222093747,0.019928979000000003
1434.0,2022.0,2298.0,2145.0,2152.0,2139.0,2118.0,2123.0,2129.0,2121.0,2118.0,2114.0,2119.0,2099.0,2086.0,2094.0,2092.0,2099.0,2104.0,2075.0,2081.0,2070.0,2060.0,2069.0,2073.0,3206.0,3546.0,3528.0,3407.0,3509.0,3392.0,3198.0,3306.0,3274.0,3357.0,3052.0,3493.0,3486.0,3300.0,3468.0,3274.0,3454.0,3525.0,3431.0,172.242095949,0.019947826000000002
1434.0,2020.0,2299.0,2001.0,2009.0,1995.0,1990.0,1986.0,1981.0,1970.0,1961.0,1969.0,1967.0,1974.0,1957.0,1952.0,1954.0,1940.0,1951.0,1946.0,1941.0,1947.0,1951.0,1935.0,1931.0,3201.0,3545.0,3528.0,3405.0,3507.0,3391.0,3197.0,3305.0,3274.0,3357.0,3060.0,3495.0,3488.0,3304.0,3469.0,3277.0,3453.0,3524.0,3431.0,172.262094898,0.019930479
1434.0,2016.0,2302.0,1934.0,1929.0,1931.0,1938.0,1946.0,1939.0,1937.0,1940.0,1947.0,1924.0,1923.0,1931.0,1940.0,1949.0,1935.0,1922.0,1932.0,1925.0,1915.0,1915.0,1926.0,1928.0,3200.0,3544.0,3527.0,3404.0,3508.0,3390.0,3198.0,3305.0,3275.0,3357.0,3064.0,3496.0,3488.0,3307.0,3469.0,3279.0,3453.0,3524.0,3431.0,172.282095885,0.019936173
1433.0,2016.0,2301.0,1995.0,1993.0,1988.0,2008.0,2014.0,2004.0,2005.0,2010.0,2011.0,2008.0,2006.0,2023.0,2033.0,2024.0,2010.0,2033.0,2028.0,2017.0,2016.0,2020.0,2022.0,2029.0,3198.0,3544.0,3526.0,3404.0,3508.0,3390.0,3198.0,3305.0,3276.0,3356.0,3068.0,3497.0,3490.0,3308.0,3470.0,3280.0,3452.0,3524.0,3432.0,172.302093218,0.019936941
1434.0,2015.0,2302.0,2027.0,2029.0,2031.0,2022.0,2005.0,2005.0,2022.0,2016.0,2018.0,2014.0,2020.0,2017.0,2020.0,2007.0,2015.0,2027.0,2010.0,2016.0,2025.0,2000.0,1995.0,2004.0,3198.0,3542.0,3526.0,3403.0,3507.0,3390.0,3197.0,3304.0,3275.0,3357.0,3068.0,3498.0,3489.0,3308.0,3471.0,3279.0,3454.0,3524.0,3432.0,172.322093084,0.019938948
1433.0,2014.0,2302.0,2029.0,2032.0,2024.0,2023.0,2012.0,2025.0,2022.0,2013.0,2020.0,2021.0,2016.0,2005.0,2009.0,2026.0,2017.0,2025.0,2030.0,2029.0,2030.0,2021.0,2033.0,2028.0,3199.0,3543.0,3526.0,3404.0,3508.0,3390.0,3197.0,3305.0,3276.0,3357.0,3065.0,3496.0,3488.0,3306.0,3470.0,3278.0,3453.0,3524.0,3431.0,172.342095416,0.019972968
1434.0,2010.0,2302.0,2012.0,2016.0,2001.0,2003.0,2029.0,2020.0,2019.0,2017.0,2008.0,2007.0,1996.0,2017.0,2013.0,2010.0,2018.0,2036.0,2031.0,2027.0,2032.0,2033.0,2028.0,2050.0,3204.0,3544.0,3529.0,3407.0,3510.0,3392.0,3197.0,3305.0,3274.0,3357.0,3058.0,3495.0,3487.0,3304.0,3469.0,3277.0,3453.0,3524.0,3431.0,172.362097083,0.019938909
1434.0,2010.0,2300.0,2069.0,2060.0,2070.0,2079.0,2078.0,2078.0,2076.0,2073.0,2069.0,2081.0,2089.0,2088.0,2078.0,2083.0,2096.0,2094.0,2092.0,2094.0,2090.0,2093.0,2110.0,2109.0,3208.0,3546.0,3529.0,3409.0,3510.0,3393.0,3197.0,3306.0,3273.0,3356.0,3049.0,3492.0,3484.0,3299.0,3467.0,3274.0,3453.0,3523.0,3431.0,172.382096326,0.019926516000000002
1434.0,2011.0,2301.0,2067.0,2052.0,2039.0,2053.0,2038.0,2020.0,2023.0,2042.0,2019.0,2006.0,2001.0,1977.0,1992.0,2003.0,1988.0,1990.0,1964.0,1951.0,1954.0,1966.0,1970.0,1965.0,3211.0,3547.0,3529.0,3410.0,3511.0,3394.0,3197.0,3307.0,3272.0,3357.0,3044.0,3491.0,3483.0,3297.0,3467.0,3273.0,3453.0,3524.0,3431.0,172.402095878,0.019933397000000002
1434.0,2009.0,2302.0,1927.0,1926.0,1919.0,1929.0,1931.0,1947.0,1938.0,1949.0,1955.0,1932.0,1941.0,1961.0,1943.0,1963.0,1976.0,1960.0,1948.0,1959.0,1966.0,1964.0,1959.0,1978.0,3212.0,3547.0,3530.0,3411.0,3510.0,3394.0,3196.0,3306.0,3273.0,3356.0,3047.0,3492.0,3484.0,3299.0,3467.0,3274.0,3453.0,3524.0,3431.0,172.42209556,0.019937349
1434.0,2008.0,2302.0,1972.0,1988.0,1997.0,2019.0,2015.0,2008.0,2014.0,2023.0,2012.0,2021.0,2041.0,2040.0,2051.0,2052.0,2053.0,2044.0,2037.0,2038.0,2023.0,2040.0,2046.0,2038.0,3208.0,3546.0,3529.0,3408.0,3510.0,3393.0,3197.0,3305.0,3273.0,3356.0,3053.0,3493.0,3486.0,3301.0,3467.0,3275.0,3453.0,3525.0,3430.0,172.442096487,0.019968672
1434.0,2007.0,2302.0,1981.0,2018.0,2013.0,1991.0,2016.0,2023.0,2019.0,2032.0,2045.0,2056.0,2047.0,2048.0,2053.0,2076.0,2070.0,2082.0,2091.0,2090.0,2086.0,2082.0,2081.0,2087.0,3206.0,3545.0,3529.0,3408.0,3509.0,3394.0,3196.0,3305.0,3274.0,3356.0,3055.0,3494.0,3488.0,3303.0,3469.0,3276.0,3453.0,3525.0,3431.0,172.462096715,0.019929925
1433.0,2002.0,2302.0,2038.0,2037.0,2035.0,2037.0,2037.0,2034.0,2051.0,2036.0,2039.0,2035.0,2029.0,2025.0,2022.0,2052.0,2049.0,2038.0,2047.0,2049.0,2035.0,2045.0,2052.0,2062.0,3205.0,3546.0,3529.0,3407.0,3509.0,3393.0,3198.0,3305.0,3274.0,3356.0,3056.0,3493.0,3487.0,3303.0,3470.0,3277.0,3453.0,3524.0,3431.0,172.482097341,0.019941199
1434.0,2002.0,2302.0,2009.0,2022.0,2038.0,2038.0,2031.0,2022.0,2045.0,2030.0,2042.0,2050.0,2032.0,2033.0,2028.0,2032.0,2025.0,2028.0,2024.0,2008.0,2004.0,2004.0,1991.0,2000.0,3205.0,3545.0,3528.0,3407.0,3510.0,3392.0,3197.0,3305.0,3274.0,3356.0,3056.0,3494.0,3487.0,3303.0,3468.0,3278.0,3452.0,3525.0,3432.0,172.502095875,0.019940738
1434.0,2000.0,2302.0,2013.0,2020.0,2015.0,1997.0,1999.0,2004.0,2016.0,2027.0,2025.0,2027.0,2027.0,2029.0,2015.0,2026.0,2017.0,1998.0,2011.0,2015.0,2013.0,2029.0,2015.0,2003.0,3205.0,3545.0,3529.0,3408.0,3509.0,3393.0,3197.0,3306.0,3273.0,3357.0,3054.0,3494.0,3487.0,3303.0,3468.0,3276.0,3453.0,3524.0,3432.0,172.522095881,0.019936101
1434.0,1999.0,2299.0,2146.0,2141.0,2146.0,2168.0,2163.0,2159.0,2174.0,2163.0,2167.0,2158.0,2170.0,2169.0,2166.0,2190.0,2174.0,2173.0,2181.0,2171.0,2185.0,2186.0,2165.0,2168.0,3205.0,3546.0,3529.0,3408.0,3510.0,3393.0,3196.0,3306.0,3274.0,3357.0,3052.0,3494.0,3486.0,3302.0,3468.0,3275.0,3453.0,3524.0,3432.0,172.542097993,0.01996171
1434.0,1999.0,2298.0,2145.0,2124.0,2118.0,2131.0,2129.0,2109.0,2118.0,2109.0,2097.0,2092.0,2103.0,2099.0,2096.0,2096.0,2089.0,2078.0,2064.0,2081.0,2078.0,2081.0,2079.0,2069.0,3207.0,3547.0,3529.0,3408.0,3510.0,3393.0,3196.0,3307.0,3272.0,3356.0,3047.0,3492.0,3486.0,3300.0,3468.0,3274.0,3453.0,3525.0,3432.0,172.562097695,0.019936827
1434.0,1997.0,2300.0,1957.0,1948.0,1948.0,1959.0,1963.0,1976.0,1972.0,1969.0,1966.0,1959.0,1958.0,1960.0,1958.0,1970.0,1968.0,1950.0,1941.0,1944.0,1952.0,1955.0,1934.0,1936.0,3210.0,3546.0,3530.0,3410.0,3511.0,3395.0,3196.0,3307.0,3272.0,3357.0,3044.0,3491.0,3485.0,3298.0,3467.0,3274.0,3454.0,3524.0,3431.0,172.582099273,0.019885859000000002
1434.0,1995.0,2304.0,1906.0,1902.0,1904.0,1899.0,1886.0,1887.0,1887.0,1896.0,1901.0,1892.0,1886.0,1890.0,1890.0,1885.0,1902.0,1901.0,1900.0,1900.0,1900.0,1908.0,1910.0,1902.0,3211.0,3547.0,3529.0,3411.0,3510.0,3395.0,3196.0,3306.0,3272.0,3356.0,3047.0,3491.0,3485.0,3300.0,3468.0,3275.0,3453.0,3525.0,3432.0,172.602097377,0.019939551
1434.0,1994.0,2304.0,1902.0,1904.0,1909.0,1913.0,1916.0,1920.0,1917.0,1925.0,1934.0,1930.0,1928.0,1933.0,1945.0,1943.0,1946.0,1943.0,1943.0,1949.0,1948.0,1960.0,1946.0,1946.0,3210.0,3547.0,3531.0,3410.0,3511.0,3395.0,3196.0,3305.0,3271.0,3356.0,3050.0,3493.0,3485.0,3300.0,3467.0,3275.0,3452.0,3525.0,3431.0,172.622097826,0.019932579000000002
1434.0,1993.0,2305.0,1990.0,1990.0,1986.0,1978.0,1984.0,1985.0,1991.0,2001.0,1985.0,1981.0,1979.0,1987.0,1986.0,1995.0,1997.0,1988.0,1988.0,1999.0,1995.0,1994.0,1993.0,1976.0,3212.0,3548.0,3531.0,3411.0,3510.0,3396.0,3195.0,3306.0,3271.0,3356.0,3046.0,3491.0,3484.0,3299.0,3467.0,3274.0,3452.0,3523.0,3431.0,172.642099168,0.019952435
1434.0,1993.0,2306.0,1956.0,1965.0,1961.0,1956.0,1966.0,1959.0,1955.0,1969.0,1975.0,1977.0,1967.0,1960.0,1966.0,1977.0,1979.0,1974.0,1976.0,1972.0,1966.0,1977.0,1978.0,1975.0,3216.0,3548.0,3532.0,3414.0,3512.0,3398.0,3195.0,3306.0,3270.0,3355.0,3041.0,3490.0,3484.0,3297.0,3467.0,3274.0,3452.0,3525.0,3432.0,172.662101564,0.019941445000000002
1434.0,1990.0,2307.0,1956.0,1956.0,1955.0,1954.0,1954.0,1959.0,1964.0,1973.0,1972.0,1973.0,1976.0,1972.0,1970.0,1982.0,1980.0,1986.0,1988.0,1984.0,1988.0,1999.0,1993.0,1987.0,3218.0,3549.0,3532.0,3415.0,3513.0,3398.0,3194.0,3306.0,3270.0,3355.0,3040.0,3489.0,3483.0,3297.0,3467.0,3274.0,3452.0,3525.0,3432.0,172.682100599,0.019928498000000003
1434.0,1988.0,2309.0,1970.0,1965.0,1964.0,1957.0,1951.0,1946.0,1945.0,1941.0,1946.0,1943.0,1938.0,1941.0,1929.0,1928.0,1936.0,1937.0,1924.0,1924.0,1926.0,1931.0,1927.0,1924.0,3219.0,3549.0,3532.0,3415.0,3513.0,3398.0,3194.0,3306.0,3269.0,3354.0,3038.0,3488.0,3483.0,3296.0,3466.0,3273.0,3451.0,3525.0,3433.0,172.702116438,0.019956254
1434.0,1991.0,2309.0,1977.0,1979.0,1990.0,1984.0,1991.0,1994.0,1997.0,1998.0,2007.0,2005.0,2001.0,2002.0,2007.0,2006.0,2014.0,2018.0,2018.0,2022.0,2025.0,2018.0,2014.0,2024.0,3223.0,3549.0,3532.0,3417.0,3513.0,3400.0,3195.0,3307.0,3268.0,3354.0,3034.0,3487.0,3482.0,3294.0,3465.0,3272.0,3451.0,3525.0,3432.0,172.72209982,0.019926608000000002
1434.0,1989.0,2308.0,2020.0,2024.0,2016.0,2020.0,2025.0,2025.0,2025.0,2022.0,2023.0,2026.0,2023.0,2042.0,2035.0,2029.0,2035.0,2032.0,2030.0,2037.0,2037.0,2037.0,2032.0,2027.0,3222.0,3549.0,3532.0,3417.0,3513.0,3399.0,3194.0,3306.0,3268.0,3354.0,3037.0,3488.0,3483.0,3296.0,3467.0,3273.0,3452.0,3525.0,3433.0,172.742102233,0.019959468
1434.0,1987.0,2310.0,1994.0,1999.0,1996.0,1990.0,1987.0,1991.0,1986.0,1986.0,1977.0,1979.0,1976.0,1970.0,1970.0,1959.0,1954.0,1950.0,1943.0,1940.0,1939.0,1938.0,1931.0,1925.0,3218.0,3549.0,3532.0,3415.0,3512.0,3398.0,3194.0,3306.0,3270.0,3355.0,3046.0,3490.0,3485.0,3300.0,3468.0,3275.0,3452.0,3524.0,3433.0,172.762102651,0.019936681
1434.0,1984.0,2313.0,1886.0,1884.0,1883.0,1883.0,1884.0,1878.0,1880.0,1876.0,1873.0,1876.0,1876.0,1872.0,1873.0,1872.0,1872.0,1867.0,1875.0,1878.0,1873.0,1880.0,1876.0,1872.0,3216.0,3547.0,3532.0,3414.0,3512.0,3397.0,3195.0,3305.0,3270.0,3354.0,3053.0,3492.0,3486.0,3304.0,3469.0,3277.0,3452.0,3524.0,3434.0,172.782102822,0.019933495000000002
1434.0,1986.0,2315.0,1901.0,1894.0,1899.0,1904.0,1902.0,1909.0,1921.0,1920.0,1920.0,1931.0,1939.0,1938.0,1942.0,1939.0,1947.0,1953.0,1957.0,1956.0,1958.0,1971.0,1973.0,1972.0,3214.0,3546.0,3530.0,3413.0,3512.0,3397.0,3194.0,3305.0,3270.0,3354.0,3058.0,3493.0,3488.0,3305.0,3470.0,3278.0,3451.0,3526.0,3432.0,172.802100905,0.019935634
1434.0,1985.0,2315.0,2019.0,2017.0,2025.0,2026.0,2020.0,2019.0,2022.0,2024.0,2023.0,2030.0,2027.0,2022.0,2025.0,2029.0,2024.0,2028.0,2031.0,2032.0,2022.0,2023.0,2020.0,2025.0,3212.0,3546.0,3530.0,3413.0,3511.0,3396.0,3194.0,3304.0,3271.0,3354.0,3060.0,3494.0,3489.0,3307.0,3471.0,3280.0,3452.0,3525.0,3433.0,172.822100484,0.019925123000000003
1434.0,1984.0,2314.0,2050.0,2046.0,2047.0,2050.0,2046.0,2046.0,2052.0,2054.0,2048.0,2051.0,2053.0,2059.0,2054.0,2055.0,2056.0,2052.0,2058.0,2061.0,2057.0,2063.0,2063.0,2065.0,3213.0,3546.0,3530.0,3413.0,3512.0,3397.0,3194.0,3304.0,3270.0,3355.0,3060.0,3494.0,3488.0,3306.0,3470.0,3280.0,3451.0,3526.0,3433.0,172.842100234,0.019962491000000002
1434.0,1985.0,2311.0,2117.0,2111.0,2112.0,2117.0,2121.0,2125.0,2123.0,2130.0,2126.0,2119.0,2123.0,2132.0,2131.0,2126.0,2123.0,2119.0,2124.0,2124.0,2117.0,2120.0,2120.0,2118.0,3211.0,3547.0,3530.0,3411.0,3511.0,3396.0,3195.0,3304.0,3272.0,3355.0,3060.0,3495.0,3488.0,3307.0,3471.0,3280.0,3453.0,3525.0,3433.0,172.862104318,0.019966283
1434.0,1983.0,2312.0,2051.0,2045.0,2040.0,2038.0,2030.0,2029.0,2024.0,2018.0,2014.0,2015.0,2009.0,2008.0,2011.0,2000.0,1997.0,1998.0,1988.0,1985.0,1983.0,1986.0,1972.0,1978.0,3209.0,3545.0,3530.0,3409.0,3510.0,3395.0,3194.0,3304.0,3271.0,3356.0,3063.0,3494.0,3489.0,3309.0,3472.0,3282.0,3451.0,3526.0,3432.0,172.882104233,0.019930312000000002
1434.0,1984.0,2314.0,1958.0,1953.0,1948.0,1962.0,1960.0,1954.0,1962.0,1963.0,1954.0,1961.0,1967.0,1963.0,1959.0,1959.0,1956.0,1956.0,1958.0,1962.0,1961.0,1970.0,1954.0,1954.0,3206.0,3545.0,3529.0,3409.0,3510.0,3395.0,3195.0,3304.0,3273.0,3355.0,3070.0,3497.0,3489.0,3311.0,3472.0,3283.0,3452.0,3526.0,3432.0,172.902101739,0.019937713000000003
1434.0,1983.0,2315.0,1956.0,1966.0,1959.0,1954.0,1955.0,1952.0,1959.0,1967.0,1957.0,1963.0,1966.0,1963.0,1964.0,1971.0,1971.0,1970.0,1972.0,1971.0,1976.0,1982.0,1974.0,1977.0,3205.0,3544.0,3528.0,3408.0,3511.0,3394.0,3196.0,3303.0,3273.0,3354.0,3073.0,3497.0,3490.0,3313.0,3473.0,3283.0,3451.0,3526.0,3433.0,172.922101409,0.019944024
1434.0,1981.0,2315.0,2006.0,2010.0,1999.0,1996.0,2012.0,2011.0,2004.0,2006.0,2010.0,2002.0,2010.0,2018.0,2016.0,2013.0,2017.0,2006.0,2024.0,2030.0,2026.0,2034.0,2027.0,2026.0,3205.0,3544.0,3529.0,3409.0,3511.0,3394.0,3196.0,3303.0,3272.0,3354.0,3071.0,3497.0,3491.0,3312.0,3473.0,3282.0,3452.0,3526.0,3434.0,172.942104725,0.019952646
1434.0,1982.0,2314.0,2075.0,2083.0,2085.0,2092.0,2090.0,2093.0,2088.0,2087.0,2091.0,2091.0,2093.0,2095.0,2097.0,2087.0,2089.0,2090.0,2086.0,2087.0,2085.0,2089.0,2084.0,2077.0,3208.0,3546.0,3529.0,3410.0,3511.0,3396.0,3195.0,3303.0,3273.0,3354.0,3065.0,3496.0,3490.0,3310.0,3472.0,3282.0,3451.0,3526.0,3433.0,172.962101702,0.019931008
1434.0,1981.0,2314.0,2057.0,2053.0,2050.0,2040.0,2045.0,2044.0,2039.0,2034.0,2032.0,2033.0,2034.0,2036.0,2036.0,2038.0,2032.0,2035.0,2031.0,2027.0,2030.0,2023.0,2026.0,2026.0,3210.0,3546.0,3530.0,3412.0,3512.0,3396.0,3195.0,3304.0,3271.0,3354.0,3061.0,3494.0,3488.0,3307.0,3472.0,3280.0,3452.0,3526.0,3432.0,172.982101895,0.019939248
1434.0,1981.0,2315.0,1988.0,1995.0,1994.0,1994.0,1991.0,1994.0,1986.0,1985.0,1990.0,1990.0,1984.0,1979.0,1969.0,1971.0,1968.0,1968.0,1969.0,1967.0,1967.0,1958.0,1946.0,1948.0,3211.0,3545.0,3530.0,3411.0,3512.0,3396.0,3195.0,3305.0,3271.0,3354.0,3063.0,3494.0,3489.0,3307.0,3471.0,3280.0,3451.0,3526.0,3432.0,173.00210269,0.019966278
1435.0,1979.0,2320.0,1851.0,1849.0,1849.0,1850.0,1855.0,1848.0,1847.0,1838.0,1840.0,1840.0,1844.0,1834.0,1831.0,1814.0,1813.0,1822.0,1817.0,1801.0,1811.0,1809.0,1791.0,1791.0,3214.0,3546.0,3531.0,3412.0,3512.0,3396.0,3195.0,3304.0,3270.0,3354.0,3065.0,3494.0,3489.0,3309.0,3470.0,3280.0,3451.0,3526.0,3433.0,173.022106406,0.019942230000000002
1434.0,1980.0,2326.0,1719.0,1720.0,1732.0,1730.0,1716.0,1725.0,1724.0,1724.0,1728.0,1729.0,1721.0,1728.0,1727.0,1730.0,1737.0,1738.0,1733.0,1745.0,1754.0,1740.0,1738.0,1735.0,3217.0,3546.0,3530.0,3414.0,3513.0,3397.0,3195.0,3302.0,3269.0,3352.0,3067.0,3494.0,3489.0,3309.0,3471.0,3280.0,3449.0,3526.0,3434.0,173.042105985,0.019925677000000003
1434.0,1980.0,2330.0,1734.0,1727.0,1721.0,1734.0,1737.0,1741.0,1748.0,1752.0,1747.0,1745.0,1756.0,1762.0,1768.0,1771.0,1769.0,1769.0,1772.0,1775.0,1783.0,1788.0,1787.0,1789.0,3220.0,3547.0,3531.0,3416.0,3513.0,3399.0,3194.0,3302.0,3268.0,3351.0,3069.0,3494.0,3488.0,3310.0,3471.0,3281.0,3448.0,3526.0,3434.0,173.062106145,0.019940680000000002
1434.0,1980.0,2331.0,1885.0,1893.0,1890.0,1901.0,1904.0,1897.0,1890.0,1899.0,1902.0,1915.0,1916.0,1916.0,1914.0,1910.0,1925.0,1925.0,1931.0,1937.0,1931.0,1937.0,1942.0,1946.0,3222.0,3547.0,3531.0,3417.0,3513.0,3399.0,3194.0,3302.0,3268.0,3350.0,3067.0,3493.0,3488.0,3308.0,3471.0,3281.0,3448.0,3526.0,3433.0,173.082103442,0.019928298
1435.0,1981.0,2333.0,1940.0,1945.0,1944.0,1942.0,1939.0,1944.0,1931.0,1934.0,1931.0,1922.0,1917.0,1911.0,1909.0,1918.0,1923.0,1914.0,1911.0,1904.0,1905.0,1912.0,1919.0,1919.0,3227.0,3548.0,3533.0,3421.0,3514.0,3402.0,3193.0,3303.0,3265.0,3350.0,3059.0,3490.0,3486.0,3305.0,3470.0,3277.0,3448.0,3526.0,3433.0,173.102103613,0.019963003
1434.0,1982.0,2334.0,1890.0,1896.0,1896.0,1886.0,1892.0,1891.0,1896.0,1899.0,1908.0,1912.0,1916.0,1919.0,1920.0,1927.0,1930.0,1934.0,1945.0,1950.0,1950.0,1956.0,1961.0,1962.0,3233.0,3550.0,3534.0,3423.0,3515.0,3403.0,3192.0,3302.0,3263.0,3349.0,3054.0,3490.0,3484.0,3303.0,3469.0,3277.0,3447.0,3526.0,3433.0,173.122106725,0.0199388
1434.0,1983.0,2332.0,2053.0,2060.0,2070.0,2076.0,2084.0,2091.0,2088.0,2094.0,2096.0,2096.0,2102.0,2118.0,2112.0,2112.0,2119.0,2124.0,2122.0,2124.0,2127.0,2130.0,2130.0,2141.0,3232.0,3549.0,3534.0,3423.0,3515.0,3403.0,3192.0,3302.0,3264.0,3349.0,3053.0,3489.0,3484.0,3303.0,3470.0,3276.0,3448.0,3526.0,3434.0,173.142107063,0.019928114
1435.0,1983.0,2328.0,2204.0,2204.0,2209.0,2210.0,2214.0,2213.0,2218.0,2221.0,2218.0,2216.0,2225.0,2225.0,2227.0,2226.0,2228.0,2230.0,2226.0,2224.0,2221.0,2227.0,2230.0,2230.0,3231.0,3550.0,3534.0,3423.0,3515.0,3403.0,3192.0,3304.0,3264.0,3350.0,3051.0,3489.0,3485.0,3303.0,3470.0,3277.0,3449.0,3526.0,3435.0,173.162106903,0.01994061
1435.0,1981.0,2326.0,2190.0,2183.0,2176.0,2168.0,2159.0,2161.0,2160.0,2150.0,2140.0,2132.0,2129.0,2129.0,2124.0,2114.0,2103.0,2092.0,2086.0,2084.0,2082.0,2086.0,2063.0,2057.0,3228.0,3550.0,3533.0,3421.0,3515.0,3402.0,3194.0,3303.0,3266.0,3350.0,3052.0,3490.0,3485.0,3302.0,3469.0,3276.0,3448.0,3524.0,3433.0,173.182104901,0.019927246000000003
1435.0,1980.0,2330.0,1908.0,1904.0,1893.0,1887.0,1886.0,1892.0,1881.0,1886.0,1883.0,1870.0,1865.0,1870.0,1876.0,1876.0,1860.0,1862.0,1855.0,1848.0,1855.0,1860.0,1848.0,1856.0,3228.0,3548.0,3533.0,3421.0,3515.0,3402.0,3194.0,3303.0,3265.0,3350.0,3058.0,3491.0,3485.0,3305.0,3470.0,3278.0,3448.0,3527.0,3433.0,173.202104934,0.019960282000000003
1435.0,1978.0,2331.0,1927.0,1937.0,1939.0,1939.0,1941.0,1956.0,1956.0,1956.0,1967.0,1964.0,1963.0,1967.0,1980.0,1988.0,1990.0,2000.0,2007.0,2003.0,2009.0,2024.0,2024.0,2031.0,3226.0,3547.0,3533.0,3419.0,3514.0,3400.0,3193.0,3302.0,3267.0,3350.0,3065.0,3492.0,3486.0,3309.0,3471.0,3281.0,3448.0,3526.0,3434.0,173.222106254,0.019931302
1435.0,1980.0,2328.0,2135.0,2137.0,2136.0,2142.0,2149.0,2143.0,2143.0,2146.0,2146.0,2151.0,2153.0,2149.0,2156.0,2157.0,2158.0,2163.0,2167.0,2163.0,2169.0,2175.0,2172.0,2175.0,3222.0,3547.0,3532.0,3418.0,3514.0,3401.0,3193.0,3302.0,3267.0,3351.0,3066.0,3493.0,3488.0,3309.0,3471.0,3281.0,3448.0,3526.0,3434.0,173.242106392,0.019931367000000002
1434.0,1980.0,2324.0,2202.0,2202.0,2202.0,2207.0,2201.0,2200.0,2199.0,2200.0,2200.0,2193.0,2194.0,2188.0,2185.0,2180.0,2176.0,2175.0,2165.0,2164.0,2165.0,2166.0,2162.0,2164.0,3223.0,3548.0,3533.0,3418.0,3514.0,3399.0,3194.0,3303.0,3267.0,3351.0,3058.0,3492.0,3488.0,3306.0,3470.0,3278.0,3450.0,3526.0,3433.0,173.26210883,0.019947388
1434.0,1979.0,2325.0,2107.0,2108.0,2096.0,2092.0,2091.0,2084.0,2077.0,2083.0,2081.0,2075.0,2073.0,2070.0,2068.0,2063.0,2064.0,2061.0,2055.0,2048.0,2053.0,2054.0,2045.0,2047.0,3225.0,3549.0,3533.0,3418.0,3514.0,3401.0,3194.0,3303.0,3266.0,3351.0,3055.0,3491.0,3487.0,3305.0,3470.0,3279.0,3450.0,3526.0,3433.0,173.282105223,0.019925325
1434.0,1979.0,2325.0,1976.0,1977.0,1972.0,1972.0,1967.0,1969.0,1976.0,1975.0,1971.0,1975.0,1979.0,1978.0,1980.0,1983.0,1987.0,1987.0,1983.0,1987.0,1989.0,1997.0,1996.0,1995.0,3222.0,3548.0,3532.0,3419.0,3514.0,3400.0,3193.0,3303.0,3267.0,3351.0,3061.0,3493.0,3488.0,3308.0,3471.0,3281.0,3450.0,3526.0,3434.0,173.302105681,0.019955743
1434.0,1977.0,2324.0,2068.0,2067.0,2069.0,2070.0,2069.0,2073.0,2080.0,2076.0,2082.0,2086.0,2083.0,2088.0,2092.0,2087.0,2091.0,2093.0,2094.0,2097.0,2100.0,2102.0,2100.0,2098.0,3216.0,3546.0,3531.0,3414.0,3513.0,3398.0,3193.0,3302.0,3269.0,3352.0,3070.0,3495.0,3490.0,3313.0,3473.0,3284.0,3450.0,3526.0,3434.0,173.322107637,0.019943308
1435.0,1979.0,2320.0,2145.0,2148.0,2152.0,2152.0,2154.0,2160.0,2163.0,2159.0,2159.0,2162.0,2162.0,2163.0,2167.0,2170.0,2172.0,2172.0,2174.0,2178.0,2178.0,2180.0,2180.0,2187.0,3216.0,3547.0,3532.0,3416.0,3513.0,3399.0,3194.0,3303.0,3269.0,3353.0,3061.0,3495.0,3489.0,3308.0,3471.0,3281.0,3451.0,3525.0,3434.0,173.342107615,0.019931893000000003
1435.0,1983.0,2318.0,2190.0,2187.0,2183.0,2180.0,2183.0,2180.0,2186.0,2183.0,2179.0,2175.0,2174.0,2172.0,2172.0,2170.0,2168.0,2164.0,2163.0,2163.0,2158.0,2158.0,2153.0,2154.0,3221.0,3548.0,3532.0,3418.0,3513.0,3401.0,3193.0,3304.0,3267.0,3353.0,3052.0,3492.0,3487.0,3304.0,3470.0,3279.0,3451.0,3525.0,3433.0,173.362108214,0.019946852
1434.0,1981.0,2321.0,2004.0,1999.0,1996.0,1987.0,1977.0,1974.0,1965.0,1960.0,1953.0,1944.0,1936.0,1934.0,1926.0,1918.0,1911.0,1906.0,1904.0,1899.0,1892.0,1885.0,1879.0,1874.0,3222.0,3549.0,3532.0,3418.0,3514.0,3401.0,3194.0,3304.0,3268.0,3352.0,3051.0,3491.0,3487.0,3304.0,3470.0,3278.0,3451.0,3526.0,3433.0,173.382107329,0.019933449000000002
1435.0,1980.0,2326.0,1798.0,1794.0,1792.0,1792.0,1795.0,1795.0,1791.0,1785.0,1786.0,1789.0,1789.0,1788.0,1788.0,1783.0,1781.0,1782.0,1776.0,1783.0,1784.0,1785.0,1771.0,1773.0,3222.0,3547.0,3532.0,3418.0,3514.0,3401.0,3193.0,3303.0,3268.0,3351.0,3059.0,3492.0,3487.0,3307.0,3471.0,3281.0,3449.0,3525.0,3433.0,173.402107349,0.019950890000000002
1434.0,1980.0,2328.0,1818.0,1822.0,1834.0,1839.0,1842.0,1849.0,1851.0,1860.0,1867.0,1875.0,1878.0,1881.0,1884.0,1894.0,1899.0,1903.0,1909.0,1920.0,1924.0,1930.0,1934.0,1932.0,3223.0,3548.0,3532.0,3419.0,3515.0,3401.0,3193.0,3303.0,3266.0,3351.0,3061.0,3492.0,3488.0,3307.0,3471.0,3280.0,3449.0,3527.0,3435.0,173.422113047,0.019944835
1434.0,1977.0,2325.0,2065.0,2070.0,2077.0,2081.0,2084.0,2091.0,2095.0,2097.0,2100.0,2094.0,2104.0,2106.0,2104.0,2110.0,2118.0,2119.0,2119.0,2123.0,2132.0,2134.0,2135.0,2142.0,3224.0,3548.0,3533.0,3420.0,3514.0,3401.0,3192.0,3303.0,3267.0,3351.0,3057.0,3492.0,3487.0,3307.0,3471.0,3280.0,3449.0,3526.0,3434.0,173.442108352,0.019916709
1435.0,1974.0,2323.0,2177.0,2180.0,2183.0,2176.0,2178.0,2181.0,2178.0,2175.0,2177.0,2167.0,2165.0,2165.0,2162.0,2160.0,2157.0,2155.0,2153.0,2151.0,2147.0,2149.0,2146.0,2142.0,3224.0,3548.0,3534.0,3420.0,3514.0,3402.0,3193.0,3305.0,3266.0,3352.0,3052.0,3492.0,3486.0,3304.0,3470.0,3278.0,3449.0,3527.0,3433.0,173.462111459,0.01995444
1435.0,1978.0,2322.0,2088.0,2087.0,2091.0,2089.0,2080.0,2073.0,2070.0,2067.0,2075.0,2075.0,2063.0,2055.0,2055.0,2054.0,2050.0,2051.0,2053.0,2048.0,2046.0,2044.0,2044.0,2046.0,3224.0,3548.0,3532.0,3418.0,3514.0,3400.0,3193.0,3304.0,3267.0,3352.0,3057.0,3491.0,3486.0,3306.0,3469.0,3279.0,3449.0,3527.0,3433.0,173.482109104,0.019914767
1435.0,1980.0,2323.0,1985.0,1979.0,1978.0,1985.0,1986.0,1982.0,1977.0,1972.0,1989.0,1981.0,1979.0,1978.0,1979.0,1974.0,1975.0,1977.0,1972.0,1974.0,1977.0,1975.0,1964.0,1975.0,3219.0,3547.0,3531.0,3416.0,3513.0,3398.0,3194.0,3302.0,3268.0,3352.0,3066.0,3494.0,3488.0,3309.0,3472.0,3281.0,3449.0,3526.0,3434.0,173.502108016,0.019953312
1435.0,1979.0,2322.0,2050.0,2050.0,2062.0,2064.0,2071.0,2073.0,2077.0,2081.0,2088.0,2085.0,2095.0,2099.0,2091.0,2099.0,2107.0,2101.0,2105.0,2115.0,2121.0,2116.0,2116.0,2123.0,3217.0,3546.0,3531.0,3414.0,3513.0,3398.0,3195.0,3303.0,3269.0,3353.0,3067.0,3495.0,3489.0,3309.0,3471.0,3281.0,3450.0,3526.0,3433.0,173.522109883,0.019947017
1434.0,1982.0,2318.0,2180.0,2183.0,2187.0,2190.0,2190.0,2190.0,2193.0,2195.0,2198.0,2207.0,2201.0,2200.0,2206.0,2204.0,2203.0,2211.0,2209.0,2214.0,2215.0,2212.0,2218.0,2216.0,3220.0,3547.0,3531.0,3416.0,3513.0,3398.0,3195.0,3302.0,3269.0,3352.0,3058.0,3492.0,3486.0,3305.0,3469.0,3278.0,3450.0,3527.0,3433.0,173.542109891,0.019931886000000003
1435.0,1983.0,2314.0,2232.0,2241.0,2235.0,2233.0,2230.0,2233.0,2228.0,2231.0,2221.0,2223.0,2218.0,2216.0,2217.0,2210.0,2210.0,2210.0,2207.0,2199.0,2190.0,2204.0,2206.0,2205.0,3221.0,3549.0,3531.0,3417.0,3514.0,3399.0,3194.0,3305.0,3269.0,3353.0,3050.0,3491.0,3485.0,3302.0,3469.0,3276.0,3451.0,3525.0,3433.0,173.562111948,0.019947346
1435.0,1983.0,2311.0,2197.0,2196.0,2190.0,2181.0,2186.0,2190.0,2186.0,2190.0,2183.0,2187.0,2193.0,2186.0,2186.0,2189.0,2184.0,2190.0,2190.0,2190.0,2187.0,2182.0,2186.0,2181.0,3222.0,3549.0,3533.0,3417.0,3514.0,3399.0,3195.0,3306.0,3269.0,3354.0,3044.0,3489.0,3485.0,3299.0,3467.0,3274.0,3452.0,3526.0,3432.0,173.582109844,0.019921548
1434.0,1981.0,2309.0,2151.0,2149.0,2140.0,2147.0,2143.0,2145.0,2155.0,2157.0,2151.0,2156.0,2164.0,2164.0,2160.0,2164.0,2161.0,2168.0,2167.0,2169.0,2176.0,2176.0,2165.0,2172.0,3223.0,3549.0,3532.0,3418.0,3513.0,3401.0,3195.0,3306.0,3268.0,3353.0,3038.0,3488.0,3484.0,3295.0,3466.0,3273.0,3451.0,3525.0,3432.0,173.602109513,0.019945978
1435.0,1982.0,2306.0,2204.0,2208.0,2208.0,2210.0,2214.0,2211.0,2205.0,2208.0,2214.0,2214.0,2207.0,2204.0,2208.0,2205.0,2202.0,2212.0,2211.0,2212.0,2218.0,2214.0,2205.0,2209.0,3223.0,3550.0,3533.0,3419.0,3515.0,3400.0,3194.0,3307.0,3268.0,3354.0,3030.0,3486.0,3481.0,3293.0,3465.0,3270.0,3451.0,3525.0,3432.0,173.622113174,0.019955155000000002
1434.0,1983.0,2303.0,2202.0,2201.0,2193.0,2188.0,2187.0,2195.0,2198.0,2196.0,2193.0,2190.0,2192.0,2189.0,2188.0,2187.0,2180.0,2178.0,2186.0,2187.0,2178.0,2178.0,2166.0,2164.0,3224.0,3551.0,3534.0,3419.0,3514.0,3401.0,3194.0,3308.0,3267.0,3354.0,3024.0,3485.0,3479.0,3289.0,3464.0,3269.0,3452.0,3525.0,3432.0,173.642109184,0.019918374000000003
1435.0,1985.0,2304.0,2087.0,2077.0,2071.0,2074.0,2078.0,2069.0,2062.0,2055.0,2056.0,2047.0,2039.0,2038.0,2043.0,2023.0,2027.0,2020.0,2011.0,2003.0,1991.0,1997.0,1988.0,1977.0,3226.0,3551.0,3534.0,3419.0,3514.0,3401.0,3195.0,3308.0,3268.0,3355.0,3019.0,3483.0,3479.0,3287.0,3463.0,3268.0,3452.0,3525.0,3431.0,173.662111207,0.019970461000000002
1434.0,1986.0,2306.0,1896.0,1884.0,1888.0,1884.0,1892.0,1882.0,1877.0,1885.0,1879.0,1883.0,1883.0,1879.0,1879.0,1883.0,1873.0,1887.0,1887.0,1874.0,1874.0,1863.0,1856.0,1860.0,3229.0,3551.0,3534.0,3421.0,3513.0,3402.0,3194.0,3308.0,3266.0,3354.0,3019.0,3483.0,3478.0,3287.0,3463.0,3267.0,3451.0,3524.0,3431.0,173.68211037,0.019931936
1434.0,1985.0,2310.0,1855.0,1854.0,1853.0,1865.0,1859.0,1855.0,1863.0,1863.0,1848.0,1856.0,1865.0,1865.0,1872.0,1873.0,1863.0,1860.0,1860.0,1866.0,1875.0,1879.0,1868.0,1867.0,3231.0,3551.0,3534.0,3423.0,3516.0,3402.0,3194.0,3307.0,3265.0,3354.0,3022.0,3482.0,3478.0,3287.0,3462.0,3267.0,3451.0,3523.0,3431.0,173.702110659,0.019941269
1435.0,1985.0,2311.0,1937.0,1926.0,1930.0,1927.0,1941.0,1951.0,1943.0,1946.0,1937.0,1945.0,1948.0,1946.0,1950.0,1954.0,1954.0,1945.0,1947.0,1961.0,1962.0,1951.0,1959.0,1965.0,3233.0,3553.0,3535.0,3422.0,3516.0,3403.0,3194.0,3307.0,3265.0,3354.0,3021.0,3482.0,3478.0,3287.0,3464.0,3267.0,3450.0,3525.0,3432.0,173.722112362,0.019949782000000003
1435.0,1988.0,2311.0,2015.0,2005.0,2017.0,2014.0,2015.0,2020.0,2023.0,2027.0,2021.0,2026.0,2032.0,2034.0,2034.0,2040.0,2043.0,2051.0,2053.0,2055.0,2056.0,2054.0,2059.0,2056.0,3234.0,3552.0,3535.0,3425.0,3516.0,3405.0,3194.0,3308.0,3264.0,3352.0,3013.0,3481.0,3477.0,3285.0,3463.0,3265.0,3450.0,3524.0,3431.0,173.742111954,0.019929708
1435.0,1988.0,2309.0,2075.0,2081.0,2080.0,2083.0,2075.0,2070.0,2078.0,2079.0,2080.0,2080.0,2077.0,2074.0,2065.0,2059.0,2066.0,2066.0,2068.0,2060.0,2063.0,2063.0,2060.0,2058.0,3238.0,3553.0,3537.0,3425.0,3516.0,3406.0,3193.0,3308.0,3263.0,3353.0,3008.0,3480.0,3475.0,3282.0,3461.0,3264.0,3450.0,3524.0,3432.0,173.762114791,0.019970748
1435.0,1987.0,2312.0,1988.0,1983.0,1970.0,1974.0,1976.0,1973.0,1969.0,1957.0,1951.0,1951.0,1952.0,1939.0,1938.0,1932.0,1932.0,1929.0,1924.0,1924.0,1925.0,1912.0,1908.0,1904.0,3238.0,3553.0,3537.0,3425.0,3517.0,3405.0,3194.0,3308.0,3264.0,3353.0,3014.0,3481.0,3477.0,3284.0,3463.0,3266.0,3450.0,3524.0,3432.0,173.782111674,0.019928739
1435.0,1987.0,2316.0,1821.0,1817.0,1821.0,1818.0,1819.0,1820.0,1812.0,1799.0,1816.0,1817.0,1800.0,1804.0,1788.0,1795.0,1793.0,1794.0,1785.0,1779.0,1771.0,1786.0,1762.0,1749.0,3235.0,3552.0,3535.0,3423.0,3515.0,3403.0,3194.0,3307.0,3264.0,3352.0,3024.0,3483.0,3478.0,3289.0,3464.0,3267.0,3450.0,3525.0,3432.0,173.802111829,0.019956144000000002
1435.0,1986.0,2321.0,1746.0,1764.0,1760.0,1764.0,1758.0,1754.0,1765.0,1764.0,1764.0,1773.0,1775.0,1779.0,1786.0,1780.0,1785.0,1797.0,1777.0,1791.0,1797.0,1799.0,1805.0,1808.0,3234.0,3551.0,3534.0,3423.0,3516.0,3403.0,3193.0,3306.0,3264.0,3352.0,3033.0,3484.0,3481.0,3292.0,3466.0,3270.0,3449.0,3525.0,3433.0,173.822111121,0.019919711
1435.0,1987.0,2322.0,1906.0,1915.0,1913.0,1916.0,1925.0,1931.0,1928.0,1940.0,1937.0,1937.0,1946.0,1946.0,1947.0,1945.0,1951.0,1955.0,1961.0,1976.0,1976.0,1975.0,1970.0,1975.0,3234.0,3551.0,3534.0,3422.0,3516.0,3403.0,3194.0,3305.0,3264.0,3351.0,3036.0,3485.0,3481.0,3294.0,3465.0,3271.0,3449.0,3525.0,3432.0,173.842112951,0.019955141000000003
1434.0,1986.0,2321.0,2020.0,2020.0,2025.0,2030.0,2024.0,2027.0,2025.0,2024.0,2029.0,2025.0,2024.0,2019.0,2025.0,2036.0,2031.0,2027.0,2032.0,2034.0,2036.0,2044.0,2039.0,2037.0,3233.0,3551.0,3535.0,3424.0,3516.0,3403.0,3194.0,3306.0,3264.0,3351.0,3034.0,3485.0,3480.0,3294.0,3466.0,3271.0,3449.0,3526.0,3433.0,173.862113786,0.019962852
1435.0,1990.0,2320.0,2041.0,2038.0,2050.0,2051.0,2056.0,2053.0,2058.0,2062.0,2058.0,2062.0,2061.0,2071.0,2065.0,2066.0,2071.0,2069.0,2075.0,2078.0,2070.0,2067.0,2069.0,2081.0,3232.0,3550.0,3535.0,3423.0,3515.0,3403.0,3194.0,3305.0,3264.0,3351.0,3039.0,3486.0,3482.0,3297.0,3467.0,3272.0,3449.0,3525.0,3433.0,173.882113983,0.019936681
1435.0,1991.0,2320.0,2055.0,2054.0,2050.0,2049.0,2049.0,2044.0,2040.0,2040.0,2037.0,2041.0,2046.0,2041.0,2039.0,2032.0,2034.0,2034.0,2038.0,2041.0,2038.0,2044.0,2039.0,2037.0,3228.0,3550.0,3533.0,3420.0,3514.0,3401.0,3194.0,3305.0,3267.0,3352.0,3045.0,3488.0,3483.0,3298.0,3467.0,3274.0,3449.0,3525.0,3433.0,173.902112579,0.019924476
1434.0,1993.0,2318.0,2107.0,2112.0,2119.0,2124.0,2131.0,2130.0,2128.0,2134.0,2136.0,2134.0,2129.0,2146.0,2141.0,2130.0,2132.0,2134.0,2127.0,2136.0,2143.0,2145.0,2145.0,2144.0,3226.0,3549.0,3533.0,3420.0,3514.0,3400.0,3194.0,3305.0,3267.0,3352.0,3046.0,3489.0,3483.0,3298.0,3468.0,3274.0,3450.0,3525.0,3432.0,173.922114864,0.019946178000000002
1434.0,1994.0,2316.0,2115.0,2123.0,2112.0,2113.0,2114.0,2113.0,2116.0,2112.0,2099.0,2107.0,2110.0,2107.0,2099.0,2110.0,2112.0,2101.0,2102.0,2106.0,2114.0,2113.0,2104.0,2101.0,3223.0,3548.0,3532.0,3418.0,3513.0,3400.0,3195.0,3305.0,3269.0,3353.0,3051.0,3490.0,3485.0,3302.0,3468.0,3276.0,3451.0,3525.0,3433.0,173.942113375,0.019933622
1435.0,1993.0,2316.0,2076.0,2079.0,2071.0,2071.0,2072.0,2072.0,2068.0,2069.0,2073.0,2072.0,2066.0,2062.0,2060.0,2055.0,2060.0,2054.0,2057.0,2054.0,2050.0,2051.0,2046.0,2045.0,3219.0,3547.0,3532.0,3414.0,3512.0,3397.0,3195.0,3304.0,3269.0,3352.0,3058.0,3492.0,3487.0,3305.0,3470.0,3278.0,3450.0,3526.0,3432.0,173.962116675,0.019960686000000002
1435.0,1993.0,2316.0,2038.0,2037.0,2043.0,2041.0,2034.0,2035.0,2036.0,2036.0,2043.0,2038.0,2037.0,2032.0,2031.0,2031.0,2033.0,2032.0,2029.0,2032.0,2028.0,2020.0,2015.0,2019.0,3217.0,3547.0,3531.0,3414.0,3511.0,3398.0,3195.0,3305.0,3269.0,3354.0,3057.0,3492.0,3487.0,3304.0,3469.0,3278.0,3450.0,3526.0,3432.0,173.982113613,0.019932770000000002
1434.0,1993.0,2318.0,1981.0,1980.0,1981.0,1971.0,1969.0,1966.0,1967.0,1967.0,1962.0,1958.0,1956.0,1948.0,1954.0,1953.0,1946.0,1948.0,1944.0,1939.0,1934.0,1933.0,1938.0,1929.0,3222.0,3549.0,3533.0,3417.0,3514.0,3400.0,3195.0,3305.0,3268.0,3352.0,3049.0,3490.0,3484.0,3301.0,3468.0,3274.0,3450.0,3526.0,3432.0,174.002114807,0.019963141
1434.0,1994.0,2322.0,1857.0,1843.0,1845.0,1849.0,1841.0,1841.0,1836.0,1843.0,1841.0,1833.0,1832.0,1825.0,1822.0,1830.0,1818.0,1832.0,1836.0,1822.0,1822.0,1816.0,1815.0,1814.0,3226.0,3549.0,3533.0,3419.0,3514.0,3401.0,3195.0,3304.0,3267.0,3352.0,3051.0,3489.0,3484.0,3301.0,3468.0,3276.0,3449.0,3526.0,3433.0,174.022116062,0.019960522
1434.0,1994.0,2325.0,1823.0,1823.0,1830.0,1830.0,1824.0,1828.0,1836.0,1833.0,1840.0,1846.0,1842.0,1849.0,1851.0,1844.0,1859.0,1857.0,1857.0,1866.0,1867.0,1870.0,1871.0,1882.0,3225.0,3548.0,3533.0,3418.0,3514.0,3400.0,3195.0,3304.0,3267.0,3352.0,3060.0,3492.0,3487.0,3305.0,3470.0,3278.0,3449.0,3526.0,3432.0,174.04211408,0.019927228
1434.0,1994.0,2325.0,1977.0,1966.0,1977.0,1996.0,1984.0,1984.0,1996.0,2004.0,1997.0,2004.0,2011.0,2009.0,2018.0,2031.0,2030.0,2033.0,2037.0,2036.0,2038.0,2052.0,2058.0,2061.0,3222.0,3547.0,3532.0,3418.0,3513.0,3399.0,3194.0,3303.0,3267.0,3352.0,3062.0,3492.0,3488.0,3306.0,3470.0,3278.0,3449.0,3526.0,3434.0,174.062116443,0.019960777000000002
1435.0,1994.0,2321.0,2136.0,2130.0,2130.0,2132.0,2133.0,2123.0,2134.0,2134.0,2139.0,2146.0,2144.0,2142.0,2142.0,2149.0,2150.0,2149.0,2148.0,2148.0,2145.0,2165.0,2160.0,2163.0,3221.0,3547.0,3532.0,3417.0,3513.0,3399.0,3195.0,3304.0,3268.0,3352.0,3062.0,3492.0,3486.0,3306.0,3469.0,3278.0,3449.0,3526.0,3433.0,174.082116926,0.019938924
1435.0,1994.0,2319.0,2183.0,2189.0,2193.0,2181.0,2188.0,2176.0,2171.0,2183.0,2186.0,2169.0,2168.0,2179.0,2173.0,2152.0,2164.0,2171.0,2157.0,2156.0,2158.0,2158.0,2149.0,2148.0,3217.0,3547.0,3530.0,3414.0,3512.0,3396.0,3195.0,3303.0,3270.0,3353.0,3065.0,3494.0,3488.0,3307.0,3471.0,3279.0,3449.0,3525.0,3433.0,174.102115041,0.019944443000000003
1435.0,1993.0,2320.0,2039.0,2029.0,2020.0,2022.0,2018.0,2006.0,2004.0,2001.0,1990.0,1985.0,1984.0,1978.0,1961.0,1962.0,1953.0,1947.0,1953.0,1931.0,1920.0,1914.0,1917.0,1911.0,3217.0,3545.0,3530.0,3415.0,3513.0,3397.0,3195.0,3303.0,3270.0,3352.0,3064.0,3493.0,3488.0,3307.0,3471.0,3279.0,3451.0,3525.0,3433.0,174.122116969,0.019950236
1435.0,1994.0,2326.0,1799.0,1803.0,1797.0,1799.0,1796.0,1790.0,1780.0,1782.0,1787.0,1780.0,1768.0,1758.0,1755.0,1764.0,1763.0,1768.0,1764.0,1764.0,1772.0,1778.0,1764.0,1768.0,3223.0,3547.0,3533.0,3418.0,3513.0,3399.0,3195.0,3303.0,3267.0,3351.0,3059.0,3490.0,3485.0,3304.0,3469.0,3277.0,3447.0,3525.0,3433.0,174.142115464,0.019930909
1435.0,1993.0,2330.0,1784.0,1785.0,1789.0,1792.0,1798.0,1790.0,1790.0,1786.0,1811.0,1806.0,1799.0,1801.0,1796.0,1806.0,1815.0,1822.0,1820.0,1822.0,1828.0,1832.0,1826.0,1825.0,3233.0,3550.0,3535.0,3423.0,3516.0,3403.0,3195.0,3304.0,3264.0,3349.0,3048.0,3486.0,3482.0,3298.0,3467.0,3273.0,3446.0,3526.0,3434.0,174.162117318,0.019959201000000003
1435.0,1992.0,2331.0,1901.0,1893.0,1894.0,1902.0,1911.0,1913.0,1927.0,1936.0,1936.0,1942.0,1946.0,1946.0,1957.0,1979.0,1979.0,1988.0,1982.0,1978.0,1996.0,1995.0,1996.0,2003.0,3240.0,3551.0,3536.0,3426.0,3517.0,3406.0,3194.0,3304.0,3261.0,3348.0,3037.0,3482.0,3479.0,3293.0,3465.0,3270.0,3447.0,3525.0,3434.0,174.182116141,0.01994034
1435.0,1992.0,2328.0,2105.0,2120.0,2106.0,2106.0,2100.0,2115.0,2120.0,2118.0,2120.0,2108.0,2105.0,2113.0,2122.0,2122.0,2119.0,2122.0,2119.0,2114.0,2118.0,2130.0,2124.0,2119.0,3243.0,3553.0,3537.0,3430.0,3518.0,3407.0,3193.0,3305.0,3260.0,3349.0,3028.0,3480.0,3478.0,3289.0,3462.0,3268.0,3447.0,3525.0,3433.0,174.202116653,0.019939813
1435.0,1992.0,2327.0,2121.0,2122.0,2115.0,2113.0,2121.0,2122.0,2116.0,2117.0,2119.0,2114.0,2112.0,2114.0,2103.0,2106.0,2113.0,2124.0,2111.0,2114.0,2114.0,2097.0,2113.0,2113.0,3245.0,3553.0,3538.0,3430.0,3518.0,3409.0,3194.0,3305.0,3260.0,3348.0,3022.0,3480.0,3476.0,3287.0,3463.0,3266.0,3447.0,3525.0,3433.0,174.222118264,0.019962885
1435.0,1991.0,2327.0,2038.0,2046.0,2052.0,2043.0,2035.0,2034.0,2034.0,2036.0,2028.0,2030.0,2017.0,2021.0,2033.0,2029.0,2029.0,2025.0,2016.0,2025.0,2021.0,2019.0,2028.0,2026.0,3246.0,3553.0,3538.0,3431.0,3519.0,3408.0,3193.0,3306.0,3259.0,3349.0,3018.0,3478.0,3476.0,3285.0,3462.0,3265.0,3447.0,3526.0,3432.0,174.242121061,0.019938326000000003
1435.0,1990.0,2327.0,2004.0,2007.0,2007.0,2006.0,2010.0,2006.0,2002.0,2004.0,2003.0,2016.0,2018.0,2017.0,2016.0,2021.0,2024.0,2027.0,2027.0,2034.0,2034.0,2041.0,2040.0,2038.0,3248.0,3554.0,3538.0,3431.0,3518.0,3409.0,3192.0,3306.0,3258.0,3348.0,3017.0,3477.0,3475.0,3284.0,3461.0,3265.0,3447.0,3525.0,3432.0,174.262118601,0.01992613
1436.0,1989.0,2325.0,2101.0,2096.0,2089.0,2093.0,2096.0,2096.0,2098.0,2106.0,2102.0,2101.0,2098.0,2105.0,2112.0,2112.0,2110.0,2114.0,2114.0,2119.0,2111.0,2103.0,2117.0,2123.0,3247.0,3554.0,3538.0,3431.0,3518.0,3409.0,3192.0,3306.0,3259.0,3348.0,3015.0,3478.0,3476.0,3284.0,3462.0,3265.0,3447.0,3525.0,3433.0,174.28211735,0.019941013
1435.0,1991.0,2323.0,2134.0,2139.0,2135.0,2136.0,2134.0,2131.0,2123.0,2134.0,2143.0,2132.0,2129.0,2131.0,2127.0,2134.0,2134.0,2136.0,2138.0,2132.0,2142.0,2150.0,2146.0,2130.0,3243.0,3551.0,3537.0,3428.0,3516.0,3407.0,3193.0,3305.0,3261.0,3350.0,3025.0,3481.0,3478.0,3288.0,3465.0,3267.0,3448.0,3524.0,3432.0,174.302117726,0.019944087000000003
1435.0,1992.0,2322.0,2089.0,2080.0,2081.0,2074.0,2071.0,2074.0,2080.0,2080.0,2081.0,2072.0,2067.0,2074.0,2085.0,2082.0,2081.0,2091.0,2090.0,2087.0,2093.0,2092.0,2091.0,2089.0,3240.0,3552.0,3536.0,3427.0,3517.0,3404.0,3194.0,3305.0,3262.0,3351.0,3028.0,3483.0,3479.0,3291.0,3464.0,3268.0,3447.0,3525.0,3432.0,174.322119653,0.019956179
1435.0,1993.0,2320.0,2134.0,2134.0,2137.0,2132.0,2128.0,2124.0,2124.0,2125.0,2129.0,2127.0,2119.0,2119.0,2128.0,2130.0,2118.0,2120.0,2119.0,2115.0,2121.0,2115.0,2102.0,2098.0,3238.0,3551.0,3536.0,3425.0,3516.0,3404.0,3193.0,3305.0,3262.0,3351.0,3029.0,3483.0,3479.0,3290.0,3464.0,3270.0,3448.0,3525.0,3432.0,174.342122766,0.019935542
1434.0,1994.0,2320.0,2040.0,2041.0,2040.0,2041.0,2048.0,2040.0,2040.0,2047.0,2035.0,2043.0,2048.0,2045.0,2039.0,2038.0,2039.0,2037.0,2048.0,2043.0,2042.0,2047.0,2042.0,2034.0,3237.0,3552.0,3535.0,3425.0,3516.0,3405.0,3194.0,3306.0,3264.0,3351.0,3029.0,3482.0,3479.0,3291.0,3464.0,3268.0,3449.0,3524.0,3432.0,174.362122359,0.019919893
1435.0,1994.0,2319.0,2053.0,2054.0,2047.0,2058.0,2065.0,2056.0,2058.0,2066.0,2052.0,2064.0,2077.0,2080.0,2081.0,2080.0,2093.0,2087.0,2081.0,2096.0,2097.0,2105.0,2103.0,2104.0,3238.0,3552.0,3536.0,3426.0,3517.0,3404.0,3194.0,3306.0,3263.0,3351.0,3026.0,3482.0,3478.0,3289.0,3464.0,3268.0,3448.0,3525.0,3433.0,174.382119877,0.019933377000000002
1435.0,1994.0,2315.0,2174.0,2179.0,2187.0,2183.0,2189.0,2188.0,2182.0,2185.0,2187.0,2187.0,2194.0,2189.0,2181.0,2194.0,2188.0,2189.0,2195.0,2183.0,2197.0,2187.0,2174.0,2174.0,3239.0,3553.0,3536.0,3426.0,3518.0,3406.0,3194.0,3307.0,3263.0,3352.0,3019.0,3481.0,3477.0,3286.0,3463.0,3265.0,3449.0,3524.0,3432.0,174.40211956,0.019948561
1435.0,1993.0,2315.0,2128.0,2130.0,2134.0,2127.0,2129.0,2137.0,2132.0,2133.0,2130.0,2127.0,2108.0,2116.0,2123.0,2119.0,2114.0,2106.0,2094.0,2089.0,2088.0,2078.0,2082.0,2084.0,3238.0,3552.0,3536.0,3426.0,3516.0,3405.0,3194.0,3307.0,3264.0,3351.0,3020.0,3482.0,3478.0,3287.0,3463.0,3267.0,3451.0,3524.0,3432.0,174.422122907,0.019930800000000002
1434.0,1995.0,2316.0,1973.0,1957.0,1952.0,1943.0,1943.0,1951.0,1942.0,1931.0,1926.0,1916.0,1921.0,1934.0,1934.0,1919.0,1909.0,1911.0,1912.0,1913.0,1916.0,1912.0,1909.0,1891.0,3232.0,3550.0,3534.0,3422.0,3515.0,3402.0,3194.0,3307.0,3265.0,3351.0,3035.0,3485.0,3481.0,3293.0,3466.0,3270.0,3449.0,3524.0,3432.0,174.442119913,0.019933402000000003
1435.0,1993.0,2322.0,1797.0,1799.0,1801.0,1793.0,1789.0,1808.0,1809.0,1814.0,1810.0,1808.0,1809.0,1803.0,1807.0,1793.0,1797.0,1806.0,1807.0,1807.0,1813.0,1797.0,1797.0,1806.0,3228.0,3549.0,3533.0,3420.0,3514.0,3401.0,3195.0,3305.0,3266.0,3351.0,3048.0,3489.0,3484.0,3300.0,3469.0,3274.0,3449.0,3525.0,3432.0,174.46212344,0.019963753
