position 3_tdc_data,position 3_tac_data,position 3_pdc_data,position 3_pac_data_0,position 3_pac_data_1,position 3_pac_data_2,position 3_pac_data_3,position 3_pac_data_4,position 3_pac_data_5,position 3_pac_data_6,position 3_pac_data_7,position 3_pac_data_8,position 3_pac_data_9,position 3_pac_data_10,position 3_pac_data_11,position 3_pac_data_12,position 3_pac_data_13,position 3_pac_data_14,position 3_pac_data_15,position 3_pac_data_16,position 3_pac_data_17,position 3_pac_data_18,position 3_pac_data_19,position 3_pac_data_20,position 3_pac_data_21,position 3_elec_data_0,position 3_elec_data_1,position 3_elec_data_2,position 3_elec_data_3,position 3_elec_data_4,position 3_elec_data_5,position 3_elec_data_6,position 3_elec_data_7,position 3_elec_data_8,position 3_elec_data_9,position 3_elec_data_10,position 3_elec_data_11,position 3_elec_data_12,position 3_elec_data_13,position 3_elec_data_14,position 3_elec_data_15,position 3_elec_data_16,position 3_elec_data_17,position 3_elec_data_18,header_from_controller_start,frame_collection_from_header
1413.0,2001.0,2224.0,2132.0,2135.0,2145.0,2150.0,2160.0,2153.0,2143.0,2145.0,2153.0,2153.0,2148.0,2150.0,2137.0,2141.0,2147.0,2150.0,2152.0,2143.0,2140.0,2139.0,2136.0,2129.0,3137.0,3528.0,3508.0,3369.0,3486.0,3362.0,3184.0,3297.0,3269.0,3352.0,2991.0,3481.0,3469.0,3270.0,3449.0,3250.0,3448.0,3507.0,3411.0,96.161170367,0.019955013
1413.0,2000.0,2225.0,2066.0,2068.0,2055.0,2050.0,2043.0,2042.0,2054.0,2053.0,2055.0,2052.0,2048.0,2049.0,2052.0,2054.0,2061.0,2058.0,2066.0,2063.0,2055.0,2064.0,2044.0,2043.0,3133.0,3528.0,3507.0,3367.0,3485.0,3361.0,3183.0,3297.0,3271.0,3352.0,2993.0,3482.0,3470.0,3271.0,3449.0,3251.0,3448.0,3507.0,3411.0,96.181169973,0.019921441
1413.0,1999.0,2225.0,2014.0,2006.0,2008.0,1993.0,1995.0,2000.0,1988.0,1988.0,1988.0,1987.0,1977.0,1990.0,1988.0,1999.0,1990.0,1977.0,1974.0,1999.0,1988.0,1990.0,1991.0,1982.0,3129.0,3527.0,3506.0,3367.0,3485.0,3361.0,3183.0,3296.0,3271.0,3351.0,2998.0,3484.0,3471.0,3273.0,3450.0,3253.0,3449.0,3507.0,3411.0,96.20116899,0.019934059
1413.0,2000.0,2226.0,1996.0,1998.0,1993.0,2003.0,2002.0,1990.0,1991.0,1989.0,1991.0,1991.0,2001.0,2008.0,1991.0,1975.0,1982.0,1990.0,1988.0,1987.0,1987.0,1978.0,1981.0,1987.0,3130.0,3527.0,3506.0,3366.0,3485.0,3361.0,3183.0,3296.0,3272.0,3351.0,2998.0,3483.0,3471.0,3274.0,3451.0,3253.0,3449.0,3507.0,3412.0,96.221172279,0.019962657
1413.0,1997.0,2227.0,1991.0,1984.0,1991.0,1992.0,1991.0,1986.0,1994.0,1983.0,1986.0,1987.0,1985.0,1984.0,1988.0,1985.0,1971.0,1970.0,1968.0,1962.0,1967.0,1973.0,1973.0,1963.0,3131.0,3527.0,3506.0,3367.0,3486.0,3361.0,3183.0,3297.0,3271.0,3352.0,2998.0,3483.0,3472.0,3272.0,3449.0,3251.0,3448.0,3507.0,3411.0,96.241169546,0.019930019
1413.0,1997.0,2230.0,1929.0,1922.0,1911.0,1910.0,1913.0,1906.0,1912.0,1928.0,1915.0,1898.0,1901.0,1903.0,1902.0,1900.0,1907.0,1903.0,1916.0,1901.0,1908.0,1916.0,1905.0,1905.0,3133.0,3528.0,3507.0,3368.0,3485.0,3362.0,3183.0,3297.0,3270.0,3352.0,2998.0,3482.0,3471.0,3274.0,3450.0,3252.0,3448.0,3507.0,3412.0,96.261169189,0.019963613
1413.0,1997.0,2231.0,1914.0,1922.0,1919.0,1919.0,1917.0,1923.0,1927.0,1930.0,1930.0,1928.0,1930.0,1926.0,1927.0,1928.0,1931.0,1933.0,1933.0,1944.0,1933.0,1935.0,1940.0,1941.0,3135.0,3528.0,3507.0,3368.0,3485.0,3362.0,3184.0,3297.0,3271.0,3352.0,3002.0,3484.0,3472.0,3274.0,3451.0,3253.0,3448.0,3507.0,3411.0,96.28117129,0.0199602
1413.0,1997.0,2231.0,1989.0,1996.0,1994.0,1992.0,1997.0,2002.0,2005.0,1997.0,1998.0,2003.0,2007.0,2011.0,2014.0,2012.0,2006.0,2015.0,2024.0,2021.0,2029.0,2037.0,2033.0,2029.0,3133.0,3528.0,3507.0,3367.0,3486.0,3362.0,3183.0,3296.0,3270.0,3352.0,3006.0,3485.0,3472.0,3276.0,3452.0,3255.0,3448.0,3508.0,3411.0,96.301169795,0.01993033
1413.0,1998.0,2230.0,2072.0,2072.0,2078.0,2076.0,2070.0,2078.0,2081.0,2083.0,2083.0,2080.0,2077.0,2076.0,2079.0,2080.0,2085.0,2089.0,2086.0,2089.0,2092.0,2092.0,2087.0,2087.0,3130.0,3526.0,3506.0,3366.0,3485.0,3361.0,3183.0,3295.0,3271.0,3353.0,3008.0,3485.0,3473.0,3277.0,3451.0,3256.0,3448.0,3508.0,3412.0,96.321173399,0.019939138000000002
1413.0,1997.0,2228.0,2113.0,2112.0,2109.0,2105.0,2104.0,2106.0,2105.0,2107.0,2110.0,2106.0,2105.0,2108.0,2104.0,2107.0,2105.0,2100.0,2105.0,2108.0,2106.0,2109.0,2100.0,2105.0,3125.0,3526.0,3506.0,3364.0,3485.0,3360.0,3183.0,3295.0,3273.0,3352.0,3010.0,3487.0,3475.0,3280.0,3452.0,3257.0,3449.0,3508.0,3411.0,96.341170174,0.019933396000000003
1413.0,1997.0,2228.0,2081.0,2073.0,2069.0,2076.0,2077.0,2074.0,2067.0,2063.0,2064.0,2059.0,2055.0,2056.0,2052.0,2049.0,2053.0,2050.0,2042.0,2042.0,2038.0,2043.0,2038.0,2034.0,3120.0,3525.0,3505.0,3362.0,3484.0,3359.0,3183.0,3295.0,3273.0,3353.0,3013.0,3487.0,3475.0,3281.0,3453.0,3258.0,3449.0,3508.0,3412.0,96.361169913,0.01994966
1413.0,2000.0,2230.0,1970.0,1975.0,1971.0,1971.0,1971.0,1965.0,1971.0,1961.0,1952.0,1956.0,1952.0,1949.0,1951.0,1949.0,1949.0,1951.0,1950.0,1945.0,1933.0,1934.0,1927.0,1925.0,3120.0,3524.0,3505.0,3362.0,3483.0,3358.0,3183.0,3295.0,3273.0,3353.0,3016.0,3487.0,3475.0,3282.0,3454.0,3259.0,3448.0,3507.0,3412.0,96.381174849,0.019964253
1413.0,1996.0,2232.0,1913.0,1914.0,1913.0,1912.0,1915.0,1914.0,1916.0,1926.0,1926.0,1919.0,1923.0,1930.0,1931.0,1935.0,1940.0,1937.0,1933.0,1940.0,1944.0,1943.0,1942.0,1949.0,3121.0,3524.0,3505.0,3362.0,3484.0,3359.0,3183.0,3295.0,3273.0,3352.0,3019.0,3488.0,3475.0,3283.0,3454.0,3259.0,3449.0,3507.0,3412.0,96.401174409,0.019923633
1413.0,1995.0,2231.0,1995.0,2002.0,2005.0,2004.0,2004.0,2008.0,2010.0,2011.0,2018.0,2023.0,2024.0,2027.0,2027.0,2036.0,2038.0,2037.0,2034.0,2039.0,2043.0,2051.0,2053.0,2056.0,3123.0,3525.0,3505.0,3364.0,3485.0,3359.0,3182.0,3294.0,3273.0,3353.0,3015.0,3488.0,3474.0,3281.0,3453.0,3258.0,3449.0,3507.0,3414.0,96.421172906,0.019928627
1413.0,1996.0,2230.0,2100.0,2099.0,2102.0,2102.0,2105.0,2105.0,2105.0,2104.0,2105.0,2102.0,2099.0,2099.0,2098.0,2098.0,2100.0,2098.0,2098.0,2093.0,2097.0,2092.0,2089.0,2085.0,3126.0,3526.0,3506.0,3366.0,3486.0,3361.0,3182.0,3296.0,3272.0,3353.0,3007.0,3486.0,3475.0,3280.0,3453.0,3257.0,3449.0,3508.0,3412.0,96.441171504,0.019938266
1413.0,1995.0,2230.0,2020.0,2016.0,2015.0,2013.0,2010.0,2001.0,2001.0,1999.0,1996.0,1989.0,1984.0,1982.0,1981.0,1978.0,1976.0,1976.0,1967.0,1968.0,1964.0,1966.0,1961.0,1957.0,3129.0,3527.0,3507.0,3368.0,3486.0,3363.0,3181.0,3296.0,3271.0,3353.0,3003.0,3486.0,3473.0,3280.0,3452.0,3257.0,3449.0,3508.0,3413.0,96.4611744,0.019964968
1413.0,1993.0,2235.0,1867.0,1867.0,1869.0,1865.0,1861.0,1859.0,1854.0,1851.0,1850.0,1849.0,1848.0,1846.0,1843.0,1844.0,1841.0,1842.0,1838.0,1835.0,1828.0,1831.0,1825.0,1826.0,3132.0,3527.0,3507.0,3368.0,3487.0,3363.0,3182.0,3296.0,3273.0,3352.0,3009.0,3487.0,3473.0,3280.0,3454.0,3258.0,3450.0,3508.0,3413.0,96.481176327,0.019919867
1413.0,1993.0,2239.0,1827.0,1834.0,1836.0,1838.0,1835.0,1835.0,1840.0,1836.0,1835.0,1836.0,1842.0,1851.0,1852.0,1855.0,1849.0,1849.0,1844.0,1841.0,1847.0,1850.0,1854.0,1858.0,3132.0,3527.0,3506.0,3368.0,3485.0,3362.0,3183.0,3295.0,3272.0,3352.0,3017.0,3487.0,3474.0,3281.0,3452.0,3258.0,3448.0,3508.0,3412.0,96.501177776,0.019921533
1414.0,1991.0,2240.0,1904.0,1905.0,1906.0,1911.0,1911.0,1913.0,1916.0,1916.0,1917.0,1915.0,1919.0,1926.0,1931.0,1940.0,1936.0,1943.0,1943.0,1946.0,1949.0,1951.0,1950.0,1955.0,3133.0,3526.0,3506.0,3368.0,3487.0,3362.0,3184.0,3295.0,3273.0,3352.0,3020.0,3487.0,3475.0,3283.0,3454.0,3258.0,3448.0,3508.0,3413.0,96.521172488,0.019925170000000002
1413.0,1991.0,2239.0,2022.0,2033.0,2038.0,2041.0,2044.0,2044.0,2043.0,2045.0,2048.0,2050.0,2050.0,2053.0,2053.0,2056.0,2060.0,2062.0,2067.0,2068.0,2066.0,2068.0,2066.0,2070.0,3130.0,3525.0,3506.0,3366.0,3486.0,3361.0,3184.0,3295.0,3273.0,3353.0,3024.0,3488.0,3476.0,3286.0,3454.0,3261.0,3449.0,3508.0,3413.0,96.541172747,0.019966507
1413.0,1991.0,2237.0,2111.0,2114.0,2111.0,2113.0,2110.0,2108.0,2112.0,2110.0,2111.0,2111.0,2111.0,2109.0,2113.0,2112.0,2108.0,2105.0,2106.0,2107.0,2109.0,2108.0,2102.0,2102.0,3122.0,3524.0,3505.0,3363.0,3483.0,3359.0,3183.0,3294.0,3274.0,3353.0,3031.0,3490.0,3478.0,3289.0,3456.0,3263.0,3449.0,3508.0,3413.0,96.561175056,0.0197709
1413.0,1989.0,2236.0,2100.0,2098.0,2099.0,2096.0,2091.0,2092.0,2091.0,2092.0,2090.0,2089.0,2090.0,2090.0,2089.0,2086.0,2085.0,2082.0,2085.0,2084.0,2088.0,2089.0,2086.0,2085.0,3114.0,3523.0,3504.0,3359.0,3483.0,3357.0,3183.0,3293.0,3275.0,3353.0,3038.0,3493.0,3480.0,3292.0,3458.0,3266.0,3450.0,3508.0,3413.0,96.581176613,0.019945199
1413.0,1990.0,2235.0,2060.0,2061.0,2058.0,2058.0,2054.0,2055.0,2049.0,2053.0,2053.0,2054.0,2051.0,2047.0,2043.0,2044.0,2043.0,2041.0,2039.0,2038.0,2035.0,2033.0,2030.0,2033.0,3108.0,3522.0,3502.0,3357.0,3483.0,3355.0,3183.0,3292.0,3276.0,3352.0,3042.0,3494.0,3481.0,3295.0,3458.0,3267.0,3449.0,3508.0,3414.0,96.601173783,0.019929843000000003
1413.0,1992.0,2236.0,2004.0,2005.0,2013.0,2004.0,2006.0,2009.0,2005.0,2010.0,2011.0,2013.0,2011.0,2011.0,2010.0,2009.0,2016.0,2011.0,2011.0,2017.0,2020.0,2019.0,2013.0,2018.0,3108.0,3522.0,3502.0,3357.0,3483.0,3356.0,3183.0,3293.0,3275.0,3352.0,3039.0,3492.0,3480.0,3293.0,3457.0,3265.0,3448.0,3509.0,3412.0,96.621173803,0.019958414
1413.0,1990.0,2235.0,2043.0,2043.0,2040.0,2042.0,2042.0,2043.0,2048.0,2052.0,2050.0,2052.0,2049.0,2053.0,2058.0,2057.0,2056.0,2062.0,2065.0,2065.0,2063.0,2068.0,2067.0,2070.0,3119.0,3524.0,3504.0,3362.0,3484.0,3359.0,3184.0,3294.0,3274.0,3352.0,3027.0,3489.0,3477.0,3286.0,3455.0,3261.0,3449.0,3508.0,3412.0,96.641173973,0.019951766000000003
1414.0,1989.0,2234.0,2111.0,2113.0,2114.0,2117.0,2114.0,2112.0,2112.0,2113.0,2117.0,2117.0,2115.0,2115.0,2114.0,2113.0,2116.0,2111.0,2111.0,2113.0,2110.0,2107.0,2109.0,2112.0,3127.0,3526.0,3506.0,3364.0,3486.0,3360.0,3183.0,3295.0,3272.0,3351.0,3016.0,3486.0,3474.0,3282.0,3452.0,3257.0,3448.0,3508.0,3412.0,96.66117575,0.019966779
1413.0,1989.0,2232.0,2107.0,2106.0,2097.0,2097.0,2102.0,2100.0,2097.0,2098.0,2099.0,2099.0,2101.0,2102.0,2096.0,2096.0,2095.0,2098.0,2097.0,2096.0,2098.0,2101.0,2094.0,2101.0,3131.0,3527.0,3506.0,3365.0,3486.0,3361.0,3184.0,3296.0,3273.0,3353.0,3012.0,3485.0,3474.0,3279.0,3452.0,3255.0,3449.0,3507.0,3413.0,96.681179372,0.019928809000000002
1413.0,1988.0,2232.0,2067.0,2073.0,2069.0,2054.0,2062.0,2063.0,2061.0,2063.0,2063.0,2063.0,2057.0,2064.0,2069.0,2070.0,2069.0,2072.0,2072.0,2078.0,2075.0,2076.0,2077.0,2070.0,3132.0,3526.0,3507.0,3367.0,3486.0,3362.0,3183.0,3296.0,3272.0,3352.0,3006.0,3485.0,3473.0,3277.0,3451.0,3253.0,3449.0,3508.0,3412.0,96.701240278,0.019978020000000003
1414.0,1990.0,2230.0,2080.0,2077.0,2080.0,2077.0,2077.0,2080.0,2077.0,2074.0,2073.0,2067.0,2070.0,2073.0,2075.0,2079.0,2078.0,2072.0,2066.0,2071.0,2066.0,2079.0,2085.0,2079.0,3139.0,3529.0,3509.0,3370.0,3487.0,3364.0,3183.0,3297.0,3270.0,3352.0,2995.0,3483.0,3470.0,3272.0,3449.0,3251.0,3449.0,3507.0,3413.0,96.721175406,0.019891945
1413.0,1991.0,2231.0,2042.0,2038.0,2038.0,2040.0,2040.0,2037.0,2038.0,2043.0,2039.0,2033.0,2032.0,2027.0,2025.0,2028.0,2022.0,2014.0,2015.0,2013.0,2015.0,2016.0,2015.0,2012.0,3142.0,3529.0,3510.0,3373.0,3487.0,3365.0,3182.0,3297.0,3269.0,3351.0,2988.0,3481.0,3469.0,3269.0,3449.0,3250.0,3448.0,3507.0,3413.0,96.741175199,0.019958911000000003
1413.0,1989.0,2232.0,1984.0,1989.0,1985.0,1985.0,1990.0,1979.0,1977.0,1984.0,1981.0,1979.0,1980.0,1980.0,1980.0,1983.0,1982.0,1981.0,1982.0,1984.0,1999.0,2003.0,1995.0,1997.0,3147.0,3529.0,3510.0,3374.0,3489.0,3365.0,3183.0,3298.0,3269.0,3352.0,2986.0,3481.0,3468.0,3267.0,3447.0,3249.0,3448.0,3507.0,3412.0,96.761176051,0.019962938
1413.0,1990.0,2232.0,2000.0,2003.0,2005.0,2006.0,2014.0,2022.0,2016.0,2015.0,2018.0,2018.0,2021.0,2018.0,2028.0,2031.0,2032.0,2034.0,2036.0,2034.0,2038.0,2045.0,2039.0,2043.0,3146.0,3530.0,3510.0,3374.0,3488.0,3365.0,3183.0,3297.0,3269.0,3352.0,2991.0,3481.0,3469.0,3269.0,3449.0,3250.0,3448.0,3507.0,3411.0,96.781236456,0.020012961000000003
1413.0,1988.0,2230.0,2085.0,2078.0,2072.0,2076.0,2077.0,2072.0,2074.0,2077.0,2074.0,2068.0,2078.0,2080.0,2080.0,2076.0,2072.0,2075.0,2071.0,2076.0,2077.0,2075.0,2068.0,2066.0,3139.0,3528.0,3507.0,3369.0,3486.0,3363.0,3183.0,3296.0,3270.0,3352.0,3000.0,3483.0,3472.0,3274.0,3450.0,3254.0,3448.0,3508.0,3412.0,96.801177323,0.019903240000000003
1414.0,1989.0,2230.0,2071.0,2069.0,2063.0,2062.0,2067.0,2067.0,2063.0,2063.0,2059.0,2056.0,2061.0,2050.0,2050.0,2054.0,2051.0,2043.0,2042.0,2041.0,2038.0,2042.0,2041.0,2028.0,3130.0,3527.0,3507.0,3367.0,3485.0,3361.0,3185.0,3296.0,3272.0,3352.0,3008.0,3485.0,3473.0,3278.0,3451.0,3255.0,3448.0,3508.0,3412.0,96.821176692,0.01993839
1413.0,1989.0,2231.0,2011.0,2018.0,2009.0,2016.0,2015.0,2011.0,2008.0,2011.0,2010.0,2006.0,2006.0,2012.0,2011.0,2013.0,2008.0,2010.0,2007.0,2004.0,2007.0,2008.0,2001.0,1997.0,3128.0,3526.0,3506.0,3365.0,3484.0,3361.0,3183.0,3295.0,3272.0,3351.0,3010.0,3485.0,3474.0,3279.0,3451.0,3256.0,3449.0,3508.0,3412.0,96.841176375,0.019957403000000002
1413.0,1988.0,2232.0,1975.0,1980.0,1985.0,1986.0,1988.0,1983.0,1980.0,1974.0,1974.0,1973.0,1974.0,1974.0,1974.0,1973.0,1968.0,1967.0,1967.0,1966.0,1961.0,1964.0,1961.0,1962.0,3130.0,3527.0,3507.0,3366.0,3485.0,3362.0,3183.0,3295.0,3272.0,3352.0,3011.0,3487.0,3474.0,3280.0,3452.0,3258.0,3450.0,3508.0,3413.0,96.86117805,0.019968515000000003
1413.0,1987.0,2234.0,1951.0,1947.0,1942.0,1945.0,1943.0,1943.0,1944.0,1947.0,1947.0,1946.0,1946.0,1947.0,1947.0,1950.0,1952.0,1950.0,1949.0,1950.0,1946.0,1957.0,1949.0,1949.0,3128.0,3526.0,3506.0,3365.0,3485.0,3361.0,3183.0,3295.0,3271.0,3352.0,3015.0,3487.0,3474.0,3282.0,3452.0,3258.0,3449.0,3508.0,3412.0,96.881180638,0.019930817
1414.0,1988.0,2235.0,1971.0,1969.0,1976.0,1972.0,1973.0,1977.0,1972.0,1969.0,1970.0,1970.0,1976.0,1974.0,1974.0,1976.0,1974.0,1973.0,1975.0,1983.0,1976.0,1979.0,1987.0,1985.0,3127.0,3526.0,3505.0,3364.0,3485.0,3360.0,3184.0,3295.0,3273.0,3352.0,3019.0,3488.0,3476.0,3283.0,3453.0,3259.0,3449.0,3508.0,3413.0,96.901180796,0.019935657000000002
1414.0,1986.0,2235.0,1995.0,1994.0,1991.0,1997.0,1992.0,1992.0,1986.0,1979.0,1978.0,1982.0,1983.0,1981.0,1978.0,1979.0,1984.0,1985.0,1984.0,1977.0,1974.0,1975.0,1972.0,1973.0,3126.0,3525.0,3505.0,3364.0,3485.0,3360.0,3184.0,3295.0,3272.0,3352.0,3018.0,3487.0,3475.0,3282.0,3454.0,3258.0,3448.0,3507.0,3412.0,96.921177586,0.019929089
1413.0,1987.0,2237.0,1936.0,1941.0,1945.0,1944.0,1944.0,1948.0,1939.0,1937.0,1932.0,1941.0,1937.0,1931.0,1934.0,1927.0,1928.0,1928.0,1929.0,1923.0,1919.0,1917.0,1918.0,1922.0,3132.0,3526.0,3507.0,3366.0,3485.0,3361.0,3184.0,3296.0,3273.0,3352.0,3015.0,3486.0,3473.0,3280.0,3453.0,3257.0,3448.0,3509.0,3412.0,96.941191854,0.019971252000000002
1413.0,1988.0,2239.0,1939.0,1940.0,1945.0,1941.0,1941.0,1939.0,1951.0,1946.0,1942.0,1947.0,1945.0,1949.0,1954.0,1954.0,1954.0,1956.0,1955.0,1955.0,1966.0,1970.0,1959.0,1959.0,3138.0,3527.0,3507.0,3370.0,3487.0,3363.0,3184.0,3295.0,3270.0,3352.0,3009.0,3484.0,3473.0,3277.0,3451.0,3255.0,3449.0,3508.0,3412.0,96.961179639,0.019948812
1413.0,1987.0,2239.0,1975.0,1983.0,1985.0,1989.0,1988.0,1993.0,1990.0,1983.0,1981.0,1980.0,1987.0,1991.0,1988.0,1989.0,1988.0,1990.0,1997.0,2000.0,2011.0,2014.0,2014.0,2011.0,3144.0,3529.0,3508.0,3371.0,3488.0,3364.0,3184.0,3297.0,3270.0,3352.0,3005.0,3483.0,3472.0,3275.0,3450.0,3254.0,3447.0,3507.0,3413.0,96.981181618,0.019925976
1413.0,1986.0,2238.0,2043.0,2032.0,2040.0,2042.0,2048.0,2055.0,2054.0,2046.0,2051.0,2051.0,2054.0,2064.0,2065.0,2067.0,2072.0,2074.0,2068.0,2069.0,2070.0,2079.0,2079.0,2080.0,3147.0,3529.0,3509.0,3373.0,3488.0,3365.0,3184.0,3297.0,3270.0,3352.0,3000.0,3483.0,3469.0,3273.0,3449.0,3252.0,3447.0,3508.0,3412.0,97.001181605,0.01993294
1414.0,1987.0,2236.0,2103.0,2099.0,2103.0,2101.0,2107.0,2106.0,2106.0,2113.0,2105.0,2118.0,2114.0,2107.0,2115.0,2115.0,2124.0,2122.0,2121.0,2114.0,2130.0,2134.0,2130.0,2131.0,3147.0,3529.0,3509.0,3372.0,3488.0,3366.0,3184.0,3297.0,3269.0,3352.0,2998.0,3482.0,3469.0,3271.0,3449.0,3251.0,3448.0,3508.0,3413.0,97.021178769,0.019929495000000002
1414.0,1985.0,2233.0,2190.0,2190.0,2180.0,2187.0,2184.0,2190.0,2190.0,2195.0,2197.0,2191.0,2190.0,2178.0,2179.0,2191.0,2180.0,2185.0,2187.0,2177.0,2183.0,2188.0,2187.0,2178.0,3146.0,3530.0,3509.0,3372.0,3487.0,3364.0,3184.0,3297.0,3270.0,3351.0,2994.0,3482.0,3470.0,3270.0,3449.0,3250.0,3448.0,3507.0,3412.0,97.0412228,0.020002412
1413.0,1986.0,2230.0,2202.0,2188.0,2169.0,2176.0,2169.0,2176.0,2190.0,2180.0,2168.0,2175.0,2161.0,2156.0,2159.0,2147.0,2141.0,2169.0,2139.0,2132.0,2139.0,2149.0,2140.0,2136.0,3145.0,3530.0,3509.0,3372.0,3486.0,3365.0,3184.0,3298.0,3269.0,3352.0,2991.0,3481.0,3469.0,3269.0,3449.0,3250.0,3448.0,3508.0,3412.0,97.061179253,0.019923720000000002
1413.0,1986.0,2229.0,2138.0,2149.0,2134.0,2136.0,2141.0,2128.0,2111.0,2112.0,2115.0,2102.0,2112.0,2104.0,2103.0,2102.0,2093.0,2093.0,2084.0,2093.0,2084.0,2083.0,2082.0,2073.0,3142.0,3529.0,3509.0,3370.0,3487.0,3364.0,3184.0,3297.0,3270.0,3351.0,2991.0,3481.0,3469.0,3270.0,3449.0,3251.0,3447.0,3507.0,3412.0,97.081180859,0.019957378
1414.0,1985.0,2229.0,2056.0,2047.0,2042.0,2052.0,2039.0,2028.0,2040.0,2042.0,2035.0,2048.0,2044.0,2042.0,2029.0,2016.0,2036.0,2054.0,2036.0,2036.0,2053.0,2043.0,2041.0,2034.0,3141.0,3530.0,3508.0,3370.0,3487.0,3364.0,3183.0,3297.0,3270.0,3351.0,2993.0,3481.0,3469.0,3270.0,3449.0,3251.0,3448.0,3507.0,3411.0,97.101183029,0.019939375000000002
1414.0,1985.0,2228.0,2029.0,2026.0,2032.0,2032.0,2024.0,2030.0,2014.0,2018.0,2023.0,2037.0,2032.0,2026.0,2017.0,2038.0,2046.0,2034.0,2043.0,2029.0,2028.0,2040.0,2034.0,2048.0,3139.0,3527.0,3509.0,3369.0,3486.0,3363.0,3184.0,3297.0,3270.0,3352.0,2995.0,3481.0,3470.0,3271.0,3448.0,3251.0,3448.0,3508.0,3412.0,97.12118698,0.019935659
1414.0,1986.0,2228.0,2042.0,2042.0,2063.0,2056.0,2044.0,2067.0,2048.0,2036.0,2060.0,2065.0,2056.0,2058.0,2058.0,2065.0,2074.0,2087.0,2077.0,2065.0,2069.0,2078.0,2062.0,2079.0,3138.0,3528.0,3508.0,3369.0,3486.0,3364.0,3184.0,3296.0,3270.0,3351.0,2995.0,3482.0,3470.0,3271.0,3449.0,3251.0,3448.0,3506.0,3411.0,97.141253495,0.019980152
1414.0,1986.0,2227.0,2092.0,2087.0,2068.0,2076.0,2083.0,2066.0,2074.0,2090.0,2058.0,2077.0,2080.0,2070.0,2072.0,2078.0,2063.0,2054.0,2050.0,2069.0,2079.0,2067.0,2064.0,2058.0,3137.0,3528.0,3507.0,3369.0,3486.0,3363.0,3183.0,3297.0,3270.0,3351.0,2993.0,3482.0,3469.0,3270.0,3448.0,3250.0,3448.0,3507.0,3412.0,97.161180825,0.019886107
1413.0,1986.0,2229.0,1997.0,2002.0,1995.0,2006.0,2002.0,2007.0,2001.0,1984.0,1989.0,1978.0,1973.0,1986.0,1973.0,1968.0,1974.0,1979.0,1953.0,1949.0,1963.0,1947.0,1940.0,1954.0,3137.0,3528.0,3508.0,3369.0,3487.0,3364.0,3183.0,3296.0,3270.0,3351.0,2995.0,3483.0,3470.0,3271.0,3449.0,3252.0,3448.0,3507.0,3412.0,97.181180924,0.019944820000000002
1413.0,1986.0,2231.0,1892.0,1914.0,1911.0,1914.0,1910.0,1881.0,1890.0,1926.0,1923.0,1904.0,1921.0,1920.0,1899.0,1910.0,1936.0,1929.0,1922.0,1935.0,1889.0,1917.0,1959.0,1934.0,3139.0,3528.0,3507.0,3369.0,3486.0,3363.0,3184.0,3296.0,3271.0,3352.0,3000.0,3483.0,3471.0,3274.0,3451.0,3252.0,3448.0,3508.0,3411.0,97.201184122,0.01996477
1414.0,1985.0,2234.0,1915.0,1912.0,1934.0,1916.0,1918.0,1921.0,1913.0,1900.0,1914.0,1933.0,1933.0,1905.0,1914.0,1925.0,1940.0,1910.0,1910.0,1965.0,1931.0,1911.0,1954.0,1935.0,3136.0,3528.0,3507.0,3368.0,3487.0,3363.0,3184.0,3296.0,3271.0,3352.0,3005.0,3483.0,3472.0,3275.0,3451.0,3253.0,3448.0,3508.0,3412.0,97.221182822,0.019930728
1414.0,1985.0,2234.0,1986.0,2000.0,2020.0,1994.0,2022.0,2040.0,2020.0,2001.0,2026.0,2042.0,2025.0,2039.0,2028.0,2019.0,1992.0,2025.0,2032.0,2043.0,2042.0,2034.0,1993.0,2010.0,3135.0,3528.0,3506.0,3369.0,3486.0,3363.0,3184.0,3296.0,3272.0,3352.0,3008.0,3485.0,3472.0,3277.0,3451.0,3254.0,3449.0,3508.0,3411.0,97.241187741,0.019941708000000002
1414.0,1985.0,2232.0,2034.0,2060.0,2075.0,2048.0,2048.0,2066.0,2052.0,2056.0,2063.0,2057.0,2072.0,2064.0,2082.0,2076.0,2093.0,2080.0,2034.0,2048.0,2073.0,2070.0,2041.0,2034.0,3133.0,3526.0,3506.0,3367.0,3484.0,3361.0,3184.0,3296.0,3271.0,3351.0,3010.0,3485.0,3473.0,3279.0,3452.0,3257.0,3449.0,3508.0,3413.0,97.261181755,0.019922304000000002
1414.0,1983.0,2234.0,2030.0,2035.0,2022.0,2019.0,2023.0,1989.0,2010.0,2014.0,1997.0,2008.0,1992.0,1978.0,1978.0,1993.0,1985.0,1979.0,1951.0,1970.0,1971.0,1962.0,1987.0,1982.0,3130.0,3527.0,3506.0,3367.0,3485.0,3361.0,3184.0,3296.0,3272.0,3353.0,3012.0,3487.0,3473.0,3280.0,3452.0,3257.0,3448.0,3508.0,3412.0,97.28118122,0.019942277
1413.0,1985.0,2234.0,1961.0,1974.0,1940.0,1965.0,1983.0,1967.0,1971.0,2005.0,1990.0,1978.0,1995.0,1988.0,1995.0,2006.0,2008.0,2006.0,1988.0,1992.0,1987.0,1983.0,2001.0,2001.0,3133.0,3528.0,3507.0,3367.0,3487.0,3362.0,3184.0,3296.0,3271.0,3352.0,3010.0,3485.0,3473.0,3278.0,3452.0,3256.0,3448.0,3508.0,3412.0,97.30118535,0.019964923000000002
1413.0,1986.0,2233.0,2014.0,2021.0,2014.0,2018.0,2012.0,2008.0,2033.0,2015.0,2024.0,2042.0,2041.0,2034.0,2062.0,2069.0,2061.0,2062.0,2083.0,2074.0,2065.0,2099.0,2088.0,2083.0,3137.0,3527.0,3508.0,3370.0,3486.0,3363.0,3183.0,3295.0,3271.0,3352.0,3004.0,3484.0,3472.0,3277.0,3451.0,3254.0,3448.0,3507.0,3413.0,97.321186052,0.019931142000000002
1413.0,1986.0,2232.0,2100.0,2099.0,2143.0,2157.0,2107.0,2109.0,2109.0,2105.0,2113.0,2126.0,2146.0,2119.0,2114.0,2117.0,2110.0,2126.0,2122.0,2144.0,2138.0,2136.0,2136.0,2122.0,3138.0,3528.0,3508.0,3371.0,3487.0,3364.0,3183.0,3297.0,3271.0,3352.0,2999.0,3483.0,3472.0,3274.0,3451.0,3253.0,3449.0,3508.0,3412.0,97.341185822,0.01992735
1413.0,1986.0,2229.0,2113.0,2144.0,2137.0,2134.0,2122.0,2141.0,2120.0,2119.0,2164.0,2166.0,2140.0,2111.0,2113.0,2131.0,2128.0,2125.0,2117.0,2126.0,2123.0,2140.0,2141.0,2158.0,3137.0,3528.0,3507.0,3369.0,3486.0,3364.0,3183.0,3296.0,3270.0,3353.0,2999.0,3483.0,3471.0,3274.0,3450.0,3252.0,3449.0,3508.0,3411.0,97.361182474,0.019935627
1414.0,1987.0,2228.0,2070.0,2082.0,2125.0,2073.0,2067.0,2075.0,2093.0,2089.0,2076.0,2090.0,2061.0,2063.0,2086.0,2063.0,2074.0,2098.0,2088.0,2070.0,2066.0,2068.0,2077.0,2100.0,3134.0,3527.0,3507.0,3368.0,3486.0,3362.0,3183.0,3297.0,3271.0,3353.0,3000.0,3484.0,3471.0,3275.0,3450.0,3254.0,3448.0,3508.0,3412.0,97.381185752,0.019946246
1413.0,1986.0,2230.0,2046.0,2048.0,2034.0,2035.0,2042.0,2046.0,2055.0,2057.0,2073.0,2066.0,2022.0,2037.0,2066.0,2054.0,2035.0,2043.0,2027.0,2021.0,2060.0,2043.0,2005.0,2021.0,3132.0,3529.0,3507.0,3367.0,3486.0,3362.0,3183.0,3297.0,3271.0,3352.0,3001.0,3484.0,3472.0,3276.0,3451.0,3254.0,3449.0,3507.0,3412.0,97.401185125,0.019947788
1413.0,1985.0,2230.0,2020.0,1984.0,2003.0,2005.0,2007.0,2031.0,2003.0,1985.0,2009.0,2000.0,1991.0,1989.0,2005.0,2009.0,1985.0,2004.0,1984.0,2013.0,2006.0,1978.0,1992.0,2005.0,3132.0,3526.0,3507.0,3368.0,3486.0,3362.0,3183.0,3297.0,3271.0,3352.0,3002.0,3485.0,3472.0,3276.0,3451.0,3254.0,3448.0,3508.0,3412.0,97.42120136,0.019950774
1414.0,1987.0,2229.0,2034.0,2029.0,2043.0,2036.0,2041.0,2030.0,2048.0,2035.0,2044.0,2032.0,2008.0,2029.0,2045.0,2032.0,2032.0,2029.0,2033.0,2037.0,2020.0,2030.0,2050.0,2040.0,3133.0,3527.0,3507.0,3369.0,3486.0,3362.0,3183.0,3296.0,3271.0,3352.0,3001.0,3483.0,3472.0,3275.0,3451.0,3254.0,3448.0,3508.0,3412.0,97.441187067,0.019931648
1414.0,1983.0,2229.0,2014.0,2022.0,2024.0,2030.0,2014.0,2001.0,2001.0,1995.0,2010.0,2009.0,2021.0,2027.0,2000.0,2008.0,1982.0,1988.0,1993.0,1974.0,1983.0,2002.0,1993.0,1993.0,3134.0,3527.0,3508.0,3368.0,3486.0,3363.0,3183.0,3297.0,3271.0,3352.0,3000.0,3483.0,3472.0,3275.0,3450.0,3254.0,3449.0,3508.0,3412.0,97.461184648,0.019932889000000002
1414.0,1985.0,2231.0,1955.0,1980.0,1984.0,1989.0,1964.0,1974.0,2011.0,1991.0,1986.0,1970.0,1994.0,1976.0,1995.0,1986.0,1967.0,1967.0,1987.0,2017.0,1954.0,1974.0,1947.0,1988.0,3133.0,3527.0,3507.0,3368.0,3485.0,3362.0,3184.0,3296.0,3271.0,3352.0,3004.0,3485.0,3472.0,3277.0,3451.0,3256.0,3449.0,3507.0,3412.0,97.481184418,0.019943562
1414.0,1982.0,2233.0,1950.0,1961.0,1933.0,1941.0,1962.0,1968.0,1957.0,1953.0,1968.0,1950.0,1960.0,1941.0,1921.0,1928.0,1956.0,1959.0,1931.0,1935.0,1945.0,1951.0,1956.0,1941.0,3130.0,3526.0,3506.0,3366.0,3486.0,3361.0,3184.0,3296.0,3271.0,3352.0,3013.0,3486.0,3473.0,3280.0,3454.0,3257.0,3449.0,3509.0,3413.0,97.501187959,0.019956878
1414.0,1982.0,2234.0,1960.0,1946.0,1973.0,1969.0,1970.0,1957.0,1943.0,1953.0,1955.0,1953.0,1925.0,1946.0,1950.0,1945.0,1950.0,1960.0,1935.0,1941.0,1953.0,1968.0,1970.0,1947.0,3126.0,3524.0,3506.0,3365.0,3485.0,3360.0,3184.0,3295.0,3273.0,3351.0,3019.0,3488.0,3475.0,3283.0,3454.0,3259.0,3449.0,3507.0,3412.0,97.521188092,0.019931607
1413.0,1981.0,2235.0,1995.0,2004.0,1997.0,1985.0,1985.0,2015.0,2025.0,1992.0,1974.0,2013.0,2011.0,1979.0,1966.0,1998.0,1982.0,2014.0,2043.0,2013.0,1975.0,2008.0,2009.0,2013.0,3124.0,3525.0,3506.0,3364.0,3485.0,3360.0,3184.0,3295.0,3273.0,3353.0,3021.0,3489.0,3476.0,3284.0,3456.0,3261.0,3449.0,3509.0,3414.0,97.541188265,0.019932091000000002
1413.0,1981.0,2234.0,2062.0,2060.0,2050.0,2058.0,2042.0,2034.0,2081.0,2038.0,2033.0,2053.0,2068.0,2075.0,2050.0,2067.0,2061.0,2061.0,2070.0,2071.0,2071.0,2070.0,2051.0,2072.0,3124.0,3525.0,3506.0,3364.0,3485.0,3361.0,3182.0,3295.0,3274.0,3353.0,3019.0,3487.0,3476.0,3283.0,3453.0,3259.0,3449.0,3509.0,3414.0,97.561184417,0.019935753
1414.0,1979.0,2233.0,2054.0,2068.0,2057.0,2072.0,2058.0,2061.0,2075.0,2062.0,2055.0,2048.0,2048.0,2043.0,2050.0,2025.0,2027.0,2026.0,2031.0,2041.0,2032.0,2023.0,2006.0,2011.0,3126.0,3526.0,3507.0,3365.0,3486.0,3360.0,3184.0,3295.0,3272.0,3352.0,3016.0,3487.0,3475.0,3283.0,3453.0,3259.0,3450.0,3509.0,3412.0,97.581186565,0.019943560000000003
1413.0,1980.0,2235.0,1985.0,1998.0,2001.0,1986.0,1974.0,1976.0,1988.0,1992.0,1970.0,1978.0,1970.0,1968.0,1979.0,1978.0,1955.0,1970.0,1953.0,1966.0,1972.0,1985.0,1988.0,1980.0,3129.0,3527.0,3506.0,3367.0,3485.0,3361.0,3182.0,3295.0,3272.0,3353.0,3014.0,3486.0,3474.0,3282.0,3453.0,3258.0,3448.0,3509.0,3413.0,97.601189233,0.019932107
1414.0,1980.0,2234.0,2007.0,2009.0,2005.0,2010.0,2011.0,2015.0,2009.0,2003.0,2005.0,2003.0,2016.0,2007.0,2014.0,2020.0,2011.0,2016.0,2025.0,2048.0,2027.0,2018.0,2040.0,2039.0,3131.0,3526.0,3506.0,3367.0,3485.0,3362.0,3184.0,3295.0,3271.0,3352.0,3011.0,3486.0,3474.0,3280.0,3452.0,3257.0,3448.0,3508.0,3413.0,97.621189458,0.019932389000000002
1414.0,1981.0,2233.0,2085.0,2073.0,2095.0,2096.0,2096.0,2100.0,2093.0,2087.0,2097.0,2107.0,2102.0,2107.0,2106.0,2098.0,2099.0,2094.0,2115.0,2128.0,2106.0,2108.0,2090.0,2095.0,3134.0,3528.0,3507.0,3369.0,3487.0,3363.0,3184.0,3296.0,3271.0,3352.0,3005.0,3485.0,3473.0,3277.0,3452.0,3256.0,3447.0,3507.0,3413.0,97.64118946,0.01993183
1414.0,1982.0,2230.0,2132.0,2137.0,2142.0,2131.0,2146.0,2152.0,2149.0,2144.0,2141.0,2123.0,2141.0,2136.0,2145.0,2149.0,2140.0,2138.0,2121.0,2132.0,2139.0,2135.0,2135.0,2116.0,3135.0,3528.0,3507.0,3369.0,3487.0,3363.0,3183.0,3296.0,3271.0,3353.0,3003.0,3484.0,3472.0,3276.0,3450.0,3256.0,3449.0,3509.0,3411.0,97.661186588,0.019936691000000003
1414.0,1981.0,2231.0,2078.0,2086.0,2047.0,2067.0,2049.0,2039.0,2067.0,2066.0,2063.0,2075.0,2054.0,2050.0,2048.0,2040.0,2052.0,2057.0,2053.0,2045.0,2032.0,2018.0,2036.0,2032.0,3132.0,3528.0,3507.0,3368.0,3486.0,3362.0,3184.0,3295.0,3271.0,3352.0,3003.0,3484.0,3472.0,3277.0,3451.0,3255.0,3448.0,3508.0,3412.0,97.681187477,0.019940249
1414.0,1981.0,2230.0,2028.0,2035.0,2014.0,2018.0,2032.0,2021.0,2006.0,2031.0,2037.0,2022.0,2041.0,2031.0,2023.0,2010.0,2020.0,2017.0,2023.0,2023.0,2023.0,2040.0,2046.0,2026.0,3129.0,3526.0,3507.0,3366.0,3486.0,3362.0,3184.0,3295.0,3272.0,3353.0,3009.0,3485.0,3473.0,3279.0,3452.0,3257.0,3449.0,3508.0,3412.0,97.701188637,0.019954392
1414.0,1983.0,2230.0,2040.0,2029.0,2024.0,2023.0,2015.0,2001.0,2023.0,1996.0,1988.0,1994.0,2012.0,2024.0,2011.0,2006.0,1992.0,2005.0,2006.0,2001.0,1991.0,1984.0,1988.0,1983.0,3126.0,3526.0,3507.0,3365.0,3485.0,3361.0,3183.0,3295.0,3273.0,3353.0,3012.0,3487.0,3474.0,3281.0,3453.0,3258.0,3449.0,3508.0,3414.0,97.721190654,0.019940282
1414.0,1982.0,2231.0,1969.0,1979.0,1977.0,1976.0,1987.0,1984.0,1998.0,2004.0,1981.0,1994.0,1993.0,1982.0,1990.0,1997.0,1982.0,1998.0,2002.0,2013.0,2014.0,2017.0,2016.0,2009.0,3128.0,3526.0,3506.0,3366.0,3485.0,3362.0,3183.0,3295.0,3272.0,3352.0,3010.0,3486.0,3474.0,3280.0,3453.0,3256.0,3449.0,3507.0,3413.0,97.741190689,0.019933657
1413.0,1984.0,2231.0,2015.0,2027.0,2029.0,2022.0,2012.0,2010.0,2030.0,2024.0,2033.0,2056.0,2029.0,2022.0,2030.0,2033.0,2031.0,2049.0,2053.0,2040.0,2030.0,2054.0,2046.0,2041.0,3132.0,3527.0,3507.0,3367.0,3487.0,3363.0,3183.0,3296.0,3271.0,3352.0,3005.0,3485.0,3472.0,3277.0,3451.0,3256.0,3449.0,3508.0,3412.0,97.761186835,0.019932602
1414.0,1982.0,2231.0,2060.0,2059.0,2069.0,2082.0,2070.0,2073.0,2067.0,2078.0,2082.0,2072.0,2080.0,2079.0,2082.0,2089.0,2076.0,2069.0,2077.0,2066.0,2061.0,2066.0,2055.0,2060.0,3135.0,3528.0,3507.0,3369.0,3487.0,3363.0,3183.0,3296.0,3271.0,3352.0,3001.0,3485.0,3472.0,3276.0,3451.0,3254.0,3448.0,3508.0,3413.0,97.781188916,0.019949818
1414.0,1983.0,2230.0,2025.0,2024.0,2021.0,2020.0,2009.0,2025.0,2027.0,2020.0,2027.0,2004.0,1996.0,1998.0,2025.0,2033.0,2045.0,2033.0,1990.0,2001.0,2031.0,2032.0,1994.0,2018.0,3134.0,3528.0,3507.0,3369.0,3487.0,3362.0,3182.0,3296.0,3270.0,3352.0,3002.0,3485.0,3472.0,3277.0,3452.0,3255.0,3449.0,3508.0,3413.0,97.801189925,0.019950932
1413.0,1984.0,2233.0,1974.0,1951.0,1951.0,1947.0,1949.0,1967.0,1938.0,1947.0,1963.0,1927.0,1952.0,1971.0,1949.0,1934.0,1952.0,1958.0,1927.0,1926.0,1967.0,1968.0,1948.0,1941.0,3131.0,3527.0,3506.0,3367.0,3486.0,3362.0,3183.0,3296.0,3272.0,3353.0,3009.0,3487.0,3474.0,3280.0,3452.0,3257.0,3448.0,3508.0,3413.0,97.82119011,0.01993595
1414.0,1983.0,2234.0,1964.0,1966.0,1961.0,1971.0,1962.0,1966.0,1971.0,1973.0,1989.0,1989.0,1975.0,1962.0,1977.0,1974.0,1983.0,1979.0,1982.0,1984.0,1972.0,1978.0,1981.0,1984.0,3129.0,3526.0,3506.0,3366.0,3485.0,3362.0,3184.0,3295.0,3273.0,3352.0,3015.0,3488.0,3475.0,3283.0,3454.0,3259.0,3449.0,3508.0,3413.0,97.841189042,0.019931095000000003
1414.0,1983.0,2234.0,2023.0,2019.0,2047.0,2040.0,2033.0,2044.0,2032.0,2037.0,2046.0,2055.0,2050.0,2040.0,2050.0,2044.0,2044.0,2054.0,2049.0,2062.0,2074.0,2067.0,2081.0,2070.0,3126.0,3526.0,3506.0,3366.0,3485.0,3361.0,3184.0,3295.0,3273.0,3352.0,3017.0,3488.0,3475.0,3282.0,3454.0,3259.0,3449.0,3508.0,3413.0,97.86118887,0.019960790000000003
1414.0,1983.0,2231.0,2095.0,2099.0,2086.0,2074.0,2089.0,2089.0,2080.0,2094.0,2096.0,2092.0,2083.0,2088.0,2096.0,2088.0,2085.0,2098.0,2099.0,2104.0,2102.0,2112.0,2104.0,2112.0,3126.0,3525.0,3506.0,3366.0,3485.0,3362.0,3184.0,3295.0,3273.0,3352.0,3012.0,3487.0,3474.0,3281.0,3452.0,3258.0,3449.0,3508.0,3412.0,97.881189753,0.019946932
1415.0,1985.0,2230.0,2089.0,2094.0,2077.0,2084.0,2080.0,2073.0,2083.0,2088.0,2094.0,2092.0,2079.0,2083.0,2079.0,2069.0,2074.0,2077.0,2081.0,2080.0,2075.0,2089.0,2085.0,2080.0,3130.0,3526.0,3507.0,3366.0,3486.0,3362.0,3183.0,3296.0,3272.0,3352.0,3009.0,3486.0,3474.0,3279.0,3453.0,3257.0,3448.0,3508.0,3413.0,97.901192671,0.019938258
1414.0,1986.0,2231.0,2029.0,2007.0,2017.0,2024.0,1991.0,1997.0,2009.0,1993.0,1997.0,2004.0,2004.0,2016.0,1990.0,1987.0,1997.0,1990.0,1983.0,2007.0,1991.0,1984.0,1984.0,1965.0,3129.0,3526.0,3507.0,3367.0,3486.0,3361.0,3184.0,3295.0,3272.0,3352.0,3009.0,3486.0,3473.0,3280.0,3452.0,3258.0,3449.0,3509.0,3413.0,97.921193035,0.019932568
1415.0,1987.0,2232.0,1967.0,1954.0,1954.0,1967.0,1972.0,1979.0,1951.0,1951.0,1928.0,1957.0,1974.0,1963.0,1965.0,1942.0,1966.0,1955.0,1946.0,1944.0,1952.0,1968.0,1955.0,1962.0,3128.0,3527.0,3506.0,3365.0,3485.0,3362.0,3183.0,3297.0,3272.0,3352.0,3015.0,3487.0,3475.0,3282.0,3453.0,3258.0,3449.0,3508.0,3413.0,97.941189837,0.019929126000000002
1414.0,1984.0,2234.0,1972.0,1972.0,1987.0,1999.0,2003.0,1989.0,1984.0,1985.0,1992.0,1998.0,1975.0,1978.0,1999.0,2022.0,1997.0,1987.0,1971.0,1977.0,1995.0,2020.0,2016.0,1998.0,3126.0,3526.0,3506.0,3364.0,3485.0,3361.0,3183.0,3295.0,3272.0,3352.0,3016.0,3487.0,3475.0,3282.0,3453.0,3258.0,3449.0,3509.0,3412.0,97.961190274,0.019962441
1415.0,1984.0,2232.0,2082.0,2065.0,2057.0,2066.0,2064.0,2079.0,2073.0,2074.0,2049.0,2056.0,2051.0,2050.0,2056.0,2065.0,2069.0,2051.0,2062.0,2072.0,2064.0,2076.0,2052.0,2044.0,3126.0,3526.0,3506.0,3365.0,3485.0,3362.0,3184.0,3295.0,3272.0,3352.0,3013.0,3487.0,3475.0,3281.0,3453.0,3258.0,3449.0,3508.0,3412.0,97.981280231,0.020027553
1414.0,1985.0,2231.0,2081.0,2084.0,2088.0,2116.0,2112.0,2086.0,2108.0,2109.0,2114.0,2102.0,2097.0,2110.0,2107.0,2094.0,2100.0,2099.0,2092.0,2077.0,2093.0,2081.0,2064.0,2079.0,3129.0,3526.0,3507.0,3366.0,3486.0,3363.0,3184.0,3295.0,3271.0,3353.0,3009.0,3486.0,3474.0,3280.0,3453.0,3257.0,3449.0,3508.0,3413.0,98.001193794,0.019871093000000003
1414.0,1986.0,2230.0,2067.0,2069.0,2071.0,2053.0,2045.0,2084.0,2075.0,2063.0,2063.0,2078.0,2066.0,2067.0,2083.0,2094.0,2087.0,2082.0,2075.0,2081.0,2075.0,2082.0,2095.0,2089.0,3131.0,3527.0,3507.0,3367.0,3485.0,3362.0,3183.0,3296.0,3271.0,3352.0,3007.0,3485.0,3473.0,3277.0,3452.0,3256.0,3449.0,3508.0,3412.0,98.021193649,0.019933522000000002
1414.0,1985.0,2230.0,2071.0,2082.0,2079.0,2070.0,2060.0,2059.0,2064.0,2069.0,2081.0,2079.0,2071.0,2059.0,2076.0,2078.0,2082.0,2074.0,2077.0,2090.0,2084.0,2088.0,2082.0,2079.0,3131.0,3527.0,3507.0,3368.0,3486.0,3362.0,3183.0,3296.0,3272.0,3352.0,3004.0,3485.0,3474.0,3277.0,3451.0,3255.0,3449.0,3509.0,3412.0,98.041191298,0.019931030000000002
1414.0,1984.0,2227.0,2126.0,2099.0,2114.0,2107.0,2098.0,2119.0,2142.0,2118.0,2099.0,2103.0,2097.0,2108.0,2110.0,2116.0,2118.0,2110.0,2096.0,2106.0,2116.0,2124.0,2131.0,2118.0,3129.0,3526.0,3506.0,3366.0,3486.0,3362.0,3183.0,3295.0,3272.0,3352.0,3003.0,3485.0,3473.0,3277.0,3451.0,3255.0,3450.0,3507.0,3412.0,98.061190487,0.019960954000000003
1414.0,1984.0,2225.0,2112.0,2132.0,2133.0,2122.0,2116.0,2123.0,2123.0,2124.0,2121.0,2132.0,2131.0,2126.0,2137.0,2141.0,2138.0,2133.0,2139.0,2142.0,2150.0,2149.0,2146.0,2144.0,3128.0,3526.0,3506.0,3366.0,3486.0,3362.0,3184.0,3295.0,3271.0,3353.0,3001.0,3484.0,3472.0,3276.0,3451.0,3255.0,3449.0,3508.0,3412.0,98.081195784,0.01995482
1414.0,1983.0,2222.0,2130.0,2124.0,2135.0,2136.0,2108.0,2124.0,2138.0,2126.0,2112.0,2123.0,2114.0,2130.0,2130.0,2113.0,2111.0,2110.0,2112.0,2107.0,2113.0,2120.0,2123.0,2118.0,3127.0,3526.0,3507.0,3365.0,3485.0,3361.0,3183.0,3296.0,3271.0,3352.0,2998.0,3485.0,3472.0,3276.0,3450.0,3254.0,3449.0,3508.0,3412.0,98.101198178,0.019938032
1414.0,1984.0,2223.0,2078.0,2071.0,2074.0,2068.0,2059.0,2056.0,2064.0,2054.0,2048.0,2046.0,2036.0,2033.0,2035.0,2031.0,2032.0,2025.0,2026.0,2043.0,2043.0,2032.0,2015.0,2028.0,3127.0,3527.0,3507.0,3366.0,3485.0,3362.0,3183.0,3297.0,3271.0,3352.0,2995.0,3484.0,3471.0,3275.0,3450.0,3255.0,3448.0,3507.0,3413.0,98.121263338,0.019987597000000003
1414.0,1984.0,2223.0,2027.0,2033.0,2027.0,2044.0,2038.0,2027.0,2026.0,2015.0,2019.0,2040.0,2029.0,2023.0,2030.0,2030.0,2023.0,2020.0,2019.0,2003.0,2012.0,2018.0,2015.0,2022.0,3130.0,3528.0,3508.0,3367.0,3486.0,3363.0,3182.0,3297.0,3270.0,3352.0,2993.0,3483.0,3470.0,3273.0,3450.0,3252.0,3448.0,3507.0,3412.0,98.141192362,0.019888649
1414.0,1983.0,2224.0,1994.0,2004.0,2010.0,2008.0,2001.0,1991.0,1998.0,2011.0,2003.0,1996.0,1993.0,1991.0,2000.0,1991.0,2004.0,1989.0,1993.0,1982.0,1990.0,2006.0,1987.0,1975.0,3132.0,3529.0,3507.0,3368.0,3487.0,3363.0,3182.0,3297.0,3271.0,3352.0,2990.0,3482.0,3470.0,3271.0,3449.0,3252.0,3448.0,3507.0,3412.0,98.161192658,0.019958773000000003
1415.0,1982.0,2226.0,1926.0,1918.0,1916.0,1908.0,1912.0,1927.0,1922.0,1924.0,1931.0,1925.0,1931.0,1927.0,1935.0,1940.0,1948.0,1939.0,1935.0,1939.0,1937.0,1937.0,1942.0,1941.0,3136.0,3529.0,3509.0,3370.0,3487.0,3363.0,3182.0,3297.0,3270.0,3353.0,2989.0,3481.0,3470.0,3271.0,3450.0,3251.0,3449.0,3508.0,3412.0,98.18119548600001,0.019960310000000002
1414.0,1984.0,2228.0,1945.0,1931.0,1945.0,1934.0,1936.0,1947.0,1935.0,1936.0,1934.0,1935.0,1934.0,1930.0,1932.0,1938.0,1936.0,1943.0,1937.0,1933.0,1926.0,1940.0,1943.0,1939.0,3139.0,3529.0,3509.0,3371.0,3487.0,3364.0,3183.0,3297.0,3270.0,3352.0,2988.0,3481.0,3469.0,3271.0,3449.0,3251.0,3449.0,3507.0,3413.0,98.201194532,0.019928258
1414.0,1985.0,2230.0,1943.0,1944.0,1941.0,1937.0,1947.0,1940.0,1936.0,1937.0,1946.0,1952.0,1935.0,1936.0,1941.0,1946.0,1949.0,1945.0,1938.0,1933.0,1930.0,1935.0,1936.0,1939.0,3142.0,3529.0,3509.0,3372.0,3488.0,3365.0,3183.0,3298.0,3269.0,3352.0,2989.0,3481.0,3469.0,3270.0,3449.0,3250.0,3448.0,3507.0,3411.0,98.221200631,0.019940711
1414.0,1984.0,2231.0,1922.0,1918.0,1925.0,1923.0,1930.0,1917.0,1909.0,1908.0,1911.0,1912.0,1903.0,1915.0,1919.0,1912.0,1909.0,1906.0,1917.0,1906.0,1909.0,1919.0,1930.0,1920.0,3141.0,3530.0,3510.0,3372.0,3487.0,3365.0,3183.0,3297.0,3269.0,3352.0,2994.0,3482.0,3470.0,3272.0,3449.0,3252.0,3449.0,3507.0,3412.0,98.241196814,0.019919231000000003
1414.0,1985.0,2233.0,1928.0,1938.0,1942.0,1936.0,1937.0,1952.0,1946.0,1961.0,1955.0,1932.0,1943.0,1961.0,1961.0,1969.0,1946.0,1945.0,1955.0,1950.0,1965.0,1963.0,1955.0,1939.0,3140.0,3528.0,3508.0,3371.0,3487.0,3365.0,3183.0,3297.0,3270.0,3352.0,2998.0,3484.0,3471.0,3274.0,3450.0,3253.0,3447.0,3508.0,3413.0,98.261197161,0.019931014
1414.0,1985.0,2234.0,1954.0,1962.0,1964.0,1958.0,1956.0,1965.0,1968.0,1971.0,1965.0,1965.0,1955.0,1948.0,1961.0,1962.0,1962.0,1965.0,1960.0,1969.0,1975.0,1976.0,1985.0,1978.0,3138.0,3528.0,3508.0,3371.0,3487.0,3365.0,3183.0,3296.0,3271.0,3352.0,3003.0,3484.0,3472.0,3276.0,3451.0,3256.0,3449.0,3509.0,3412.0,98.281198792,0.019937451000000002
1414.0,1986.0,2235.0,1997.0,1992.0,2004.0,2007.0,2010.0,2005.0,2002.0,1996.0,1999.0,1994.0,2002.0,2006.0,2003.0,1999.0,2000.0,1987.0,1979.0,1995.0,1991.0,1986.0,1978.0,1984.0,3137.0,3527.0,3507.0,3370.0,3487.0,3363.0,3184.0,3297.0,3271.0,3352.0,3006.0,3484.0,3472.0,3278.0,3453.0,3256.0,3450.0,3508.0,3413.0,98.301197581,0.019922852
1414.0,1985.0,2236.0,1945.0,1944.0,1963.0,1951.0,1939.0,1941.0,1932.0,1936.0,1939.0,1931.0,1938.0,1926.0,1919.0,1928.0,1936.0,1929.0,1935.0,1923.0,1917.0,1932.0,1926.0,1925.0,3137.0,3527.0,3508.0,3370.0,3487.0,3364.0,3184.0,3296.0,3271.0,3353.0,3008.0,3485.0,3473.0,3279.0,3452.0,3257.0,3449.0,3507.0,3412.0,98.321197756,0.019931559
1415.0,1986.0,2238.0,1936.0,1945.0,1945.0,1939.0,1942.0,1949.0,1949.0,1947.0,1954.0,1950.0,1949.0,1961.0,1953.0,1959.0,1970.0,1965.0,1978.0,1969.0,1970.0,1982.0,1977.0,1985.0,3137.0,3527.0,3507.0,3370.0,3487.0,3364.0,3184.0,3296.0,3272.0,3352.0,3012.0,3485.0,3474.0,3281.0,3452.0,3258.0,3449.0,3509.0,3413.0,98.34119498,0.019927238
1414.0,1988.0,2236.0,2050.0,2053.0,2062.0,2072.0,2070.0,2070.0,2065.0,2069.0,2077.0,2073.0,2085.0,2091.0,2086.0,2088.0,2086.0,2095.0,2087.0,2090.0,2097.0,2094.0,2094.0,2102.0,3134.0,3527.0,3507.0,3368.0,3486.0,3362.0,3184.0,3295.0,3272.0,3353.0,3015.0,3487.0,3474.0,3281.0,3454.0,3258.0,3448.0,3509.0,3413.0,98.361198361,0.019961185000000003
1415.0,1988.0,2234.0,2129.0,2135.0,2138.0,2133.0,2140.0,2140.0,2140.0,2136.0,2140.0,2146.0,2148.0,2141.0,2140.0,2146.0,2148.0,2143.0,2142.0,2141.0,2155.0,2155.0,2144.0,2145.0,3130.0,3526.0,3506.0,3366.0,3486.0,3362.0,3183.0,3295.0,3272.0,3352.0,3017.0,3487.0,3476.0,3283.0,3454.0,3258.0,3449.0,3509.0,3414.0,98.381197161,0.019935078000000002
1415.0,1988.0,2232.0,2127.0,2134.0,2127.0,2139.0,2130.0,2132.0,2120.0,2112.0,2122.0,2117.0,2119.0,2121.0,2120.0,2119.0,2122.0,2116.0,2123.0,2109.0,2093.0,2112.0,2118.0,2089.0,3124.0,3526.0,3506.0,3365.0,3485.0,3361.0,3184.0,3295.0,3273.0,3353.0,3017.0,3489.0,3475.0,3283.0,3455.0,3259.0,3448.0,3509.0,3413.0,98.401198516,0.019933454
1415.0,1987.0,2232.0,2043.0,2052.0,2047.0,2031.0,2031.0,2044.0,2049.0,2050.0,2047.0,2031.0,2030.0,2036.0,2035.0,2043.0,2042.0,2043.0,2066.0,2052.0,2033.0,2034.0,2045.0,2039.0,3124.0,3526.0,3505.0,3364.0,3485.0,3360.0,3184.0,3295.0,3273.0,3353.0,3018.0,3488.0,3475.0,3284.0,3455.0,3260.0,3449.0,3509.0,3413.0,98.421199035,0.019922984
1414.0,1987.0,2231.0,2056.0,2056.0,2067.0,2065.0,2060.0,2057.0,2058.0,2065.0,2079.0,2060.0,2037.0,2035.0,2050.0,2068.0,2062.0,2059.0,2053.0,2053.0,2049.0,2060.0,2049.0,2040.0,3124.0,3525.0,3506.0,3364.0,3484.0,3360.0,3184.0,3295.0,3273.0,3352.0,3018.0,3488.0,3475.0,3283.0,3455.0,3261.0,3449.0,3508.0,3413.0,98.441196243,0.019929742
1414.0,1986.0,2230.0,2057.0,2053.0,2056.0,2045.0,2041.0,2053.0,2068.0,2048.0,2053.0,2066.0,2065.0,2064.0,2056.0,2060.0,2055.0,2062.0,2062.0,2057.0,2068.0,2058.0,2055.0,2047.0,3123.0,3525.0,3506.0,3364.0,3484.0,3360.0,3183.0,3296.0,3273.0,3352.0,3017.0,3488.0,3475.0,3283.0,3453.0,3259.0,3448.0,3509.0,3413.0,98.461196369,0.019943064
1414.0,1986.0,2231.0,2027.0,2045.0,2044.0,2023.0,2027.0,2037.0,2025.0,2029.0,2032.0,2027.0,2029.0,2023.0,2014.0,2013.0,2014.0,2018.0,2030.0,2028.0,2019.0,2008.0,2025.0,2025.0,3124.0,3526.0,3506.0,3364.0,3485.0,3360.0,3183.0,3295.0,3273.0,3352.0,3014.0,3488.0,3475.0,3283.0,3454.0,3259.0,3449.0,3508.0,3412.0,98.481199915,0.019950773
1414.0,1987.0,2232.0,2017.0,2008.0,2003.0,2023.0,2018.0,2000.0,1996.0,1974.0,1980.0,2010.0,2007.0,2015.0,2000.0,1972.0,1979.0,1977.0,1990.0,1992.0,1990.0,2003.0,1999.0,1992.0,3128.0,3527.0,3507.0,3366.0,3485.0,3361.0,3183.0,3296.0,3273.0,3353.0,3010.0,3486.0,3474.0,3280.0,3453.0,3258.0,3449.0,3508.0,3413.0,98.501197282,0.019929599000000003
1414.0,1987.0,2232.0,2002.0,2005.0,2007.0,2021.0,2018.0,2007.0,2011.0,2047.0,2009.0,2022.0,2036.0,2004.0,2003.0,2006.0,1993.0,1998.0,2011.0,2040.0,2024.0,1968.0,1985.0,1993.0,3130.0,3526.0,3507.0,3367.0,3486.0,3362.0,3183.0,3296.0,3272.0,3352.0,3009.0,3486.0,3474.0,3280.0,3452.0,3258.0,3449.0,3508.0,3413.0,98.521200096,0.019956663000000003
1414.0,1986.0,2234.0,1966.0,1982.0,1952.0,1941.0,1961.0,1959.0,1945.0,1974.0,1987.0,1939.0,1925.0,1946.0,1953.0,1959.0,1992.0,1947.0,1946.0,1933.0,1931.0,1947.0,1956.0,1979.0,3130.0,3526.0,3507.0,3367.0,3486.0,3362.0,3183.0,3295.0,3273.0,3353.0,3014.0,3487.0,3475.0,3281.0,3453.0,3259.0,3449.0,3508.0,3413.0,98.541198139,0.01993065
1414.0,1986.0,2236.0,1953.0,1923.0,1949.0,1959.0,1938.0,1968.0,1945.0,1947.0,1935.0,1926.0,1928.0,1921.0,1934.0,1928.0,1915.0,1895.0,1910.0,1905.0,1912.0,1912.0,1913.0,1909.0,3127.0,3525.0,3506.0,3365.0,3485.0,3361.0,3184.0,3295.0,3273.0,3353.0,3020.0,3488.0,3475.0,3284.0,3455.0,3260.0,3449.0,3508.0,3413.0,98.561196564,0.019939056
1414.0,1986.0,2236.0,1943.0,1950.0,1937.0,1931.0,1963.0,1965.0,1952.0,1966.0,1986.0,1972.0,1967.0,1977.0,1958.0,1970.0,1997.0,1981.0,1985.0,1990.0,1983.0,1996.0,1983.0,1976.0,3125.0,3526.0,3505.0,3365.0,3485.0,3360.0,3184.0,3295.0,3274.0,3353.0,3023.0,3489.0,3476.0,3285.0,3455.0,3261.0,3449.0,3509.0,3413.0,98.581199093,0.019970651000000002
1415.0,1983.0,2236.0,2025.0,2036.0,2011.0,1998.0,2029.0,2063.0,2050.0,2018.0,2012.0,2021.0,2011.0,2013.0,2042.0,2028.0,2063.0,2048.0,2033.0,2009.0,1983.0,1998.0,2009.0,2015.0,3126.0,3525.0,3506.0,3365.0,3486.0,3361.0,3184.0,3295.0,3274.0,3353.0,3022.0,3489.0,3477.0,3285.0,3455.0,3260.0,3450.0,3509.0,3414.0,98.601198857,0.01993498
1414.0,1986.0,2235.0,2066.0,2075.0,2043.0,2045.0,2057.0,2068.0,2058.0,2057.0,2066.0,2061.0,2069.0,2077.0,2075.0,2061.0,2063.0,2057.0,2052.0,2057.0,2069.0,2048.0,2044.0,2063.0,3126.0,3525.0,3506.0,3366.0,3486.0,3361.0,3184.0,3295.0,3273.0,3353.0,3019.0,3488.0,3476.0,3285.0,3455.0,3260.0,3449.0,3508.0,3413.0,98.621201504,0.019951008000000003
1415.0,1986.0,2235.0,2040.0,2042.0,2047.0,2036.0,2039.0,2053.0,2063.0,2068.0,2058.0,2061.0,2063.0,2046.0,2054.0,2066.0,2063.0,2052.0,2050.0,2061.0,2067.0,2071.0,2050.0,2034.0,3130.0,3526.0,3506.0,3366.0,3486.0,3362.0,3184.0,3295.0,3273.0,3352.0,3016.0,3488.0,3475.0,3283.0,3453.0,3259.0,3450.0,3509.0,3413.0,98.641199162,0.019929644
1414.0,1985.0,2234.0,2037.0,2046.0,2035.0,2034.0,2061.0,2076.0,2071.0,2043.0,2044.0,2048.0,2060.0,2091.0,2074.0,2052.0,2061.0,2065.0,2077.0,2088.0,2069.0,2064.0,2062.0,2076.0,3131.0,3526.0,3507.0,3369.0,3487.0,3363.0,3184.0,3295.0,3271.0,3353.0,3012.0,3486.0,3474.0,3280.0,3453.0,3258.0,3450.0,3508.0,3413.0,98.661198839,0.019958086
1414.0,1985.0,2234.0,2041.0,2025.0,2027.0,2025.0,2028.0,2043.0,2036.0,2032.0,2040.0,2058.0,2036.0,2027.0,2047.0,2044.0,2021.0,2032.0,2037.0,2060.0,2038.0,2033.0,2045.0,2037.0,3136.0,3528.0,3508.0,3371.0,3487.0,3364.0,3183.0,3296.0,3271.0,3353.0,3005.0,3485.0,3473.0,3277.0,3452.0,3256.0,3449.0,3508.0,3414.0,98.68119917,0.019948821000000002
1414.0,1986.0,2234.0,2022.0,2021.0,2044.0,2063.0,2077.0,2067.0,2022.0,2039.0,2018.0,2026.0,2042.0,2042.0,2049.0,2047.0,2017.0,2015.0,2013.0,2055.0,2047.0,2018.0,2025.0,2006.0,3139.0,3529.0,3509.0,3370.0,3487.0,3365.0,3183.0,3296.0,3271.0,3353.0,3004.0,3485.0,3473.0,3277.0,3451.0,3256.0,3449.0,3509.0,3412.0,98.70120793,0.019948059
1415.0,1987.0,2233.0,2047.0,2055.0,2056.0,2067.0,2041.0,2040.0,2068.0,2061.0,2042.0,2047.0,2038.0,2044.0,2069.0,2071.0,2047.0,2041.0,2061.0,2057.0,2071.0,2088.0,2062.0,2055.0,3136.0,3528.0,3509.0,3369.0,3487.0,3363.0,3183.0,3295.0,3271.0,3352.0,3008.0,3485.0,3474.0,3280.0,3453.0,3257.0,3449.0,3508.0,3413.0,98.721203586,0.019900093
1414.0,1988.0,2234.0,2020.0,2036.0,2026.0,2017.0,2007.0,2005.0,1993.0,2008.0,2039.0,2047.0,2025.0,2015.0,2021.0,2036.0,2014.0,2041.0,2056.0,2051.0,2046.0,2032.0,2039.0,2057.0,3132.0,3528.0,3508.0,3368.0,3486.0,3363.0,3182.0,3296.0,3272.0,3353.0,3011.0,3487.0,3474.0,3281.0,3454.0,3258.0,3449.0,3509.0,3412.0,98.741203754,0.019914763000000002
1415.0,1986.0,2232.0,2052.0,2055.0,2066.0,2058.0,2072.0,2067.0,2054.0,2080.0,2082.0,2060.0,2067.0,2075.0,2085.0,2065.0,2082.0,2117.0,2082.0,2079.0,2093.0,2100.0,2103.0,2094.0,3130.0,3526.0,3507.0,3368.0,3487.0,3362.0,3183.0,3295.0,3272.0,3353.0,3011.0,3487.0,3474.0,3281.0,3453.0,3259.0,3449.0,3509.0,3413.0,98.761199967,0.019923197
1414.0,1989.0,2230.0,2112.0,2116.0,2117.0,2123.0,2117.0,2097.0,2113.0,2100.0,2104.0,2109.0,2116.0,2104.0,2102.0,2112.0,2134.0,2121.0,2090.0,2114.0,2118.0,2106.0,2098.0,2100.0,3130.0,3527.0,3506.0,3367.0,3486.0,3363.0,3182.0,3296.0,3272.0,3352.0,3008.0,3486.0,3474.0,3279.0,3452.0,3258.0,3450.0,3508.0,3413.0,98.781201986,0.019947302
1414.0,1988.0,2230.0,2086.0,2105.0,2097.0,2084.0,2086.0,2080.0,2072.0,2076.0,2092.0,2065.0,2063.0,2063.0,2068.0,2080.0,2092.0,2068.0,2054.0,2075.0,2054.0,2063.0,2063.0,2095.0,3131.0,3527.0,3507.0,3368.0,3486.0,3363.0,3184.0,3296.0,3270.0,3352.0,3005.0,3486.0,3473.0,3278.0,3452.0,3258.0,3449.0,3509.0,3413.0,98.801204151,0.019935599000000002
1415.0,1987.0,2229.0,2081.0,2071.0,2075.0,2061.0,2055.0,2054.0,2055.0,2067.0,2066.0,2036.0,2035.0,2027.0,2021.0,2035.0,2047.0,2049.0,2037.0,2019.0,2016.0,2022.0,2015.0,2006.0,3129.0,3527.0,3507.0,3367.0,3486.0,3362.0,3182.0,3296.0,3272.0,3353.0,3006.0,3486.0,3474.0,3280.0,3454.0,3258.0,3449.0,3508.0,3413.0,98.821203862,0.019930392
1415.0,1986.0,2231.0,2018.0,2003.0,1991.0,1987.0,1967.0,1996.0,2002.0,2004.0,1995.0,1991.0,1986.0,1979.0,1977.0,1984.0,1992.0,1986.0,2002.0,1989.0,1963.0,1978.0,1982.0,2005.0,3128.0,3527.0,3507.0,3367.0,3485.0,3362.0,3183.0,3295.0,3272.0,3352.0,3009.0,3487.0,3474.0,3280.0,3454.0,3258.0,3448.0,3508.0,3413.0,98.841200805,0.019927430000000003
1414.0,1987.0,2232.0,2023.0,2009.0,2004.0,2021.0,2002.0,1980.0,1997.0,2012.0,1991.0,2015.0,2015.0,2008.0,2004.0,1982.0,1985.0,1970.0,1996.0,2007.0,1992.0,1996.0,1981.0,2002.0,3128.0,3526.0,3506.0,3367.0,3485.0,3362.0,3183.0,3295.0,3273.0,3353.0,3010.0,3486.0,3475.0,3281.0,3454.0,3259.0,3450.0,3509.0,3413.0,98.861201032,0.019936083
1414.0,1989.0,2232.0,1967.0,1961.0,1997.0,1994.0,1984.0,1982.0,1967.0,1963.0,1965.0,1970.0,1950.0,1952.0,1963.0,1966.0,1984.0,1966.0,1970.0,1951.0,1960.0,1972.0,1943.0,1979.0,3129.0,3527.0,3507.0,3367.0,3487.0,3362.0,3182.0,3296.0,3272.0,3351.0,3008.0,3486.0,3475.0,3280.0,3453.0,3257.0,3449.0,3509.0,3413.0,98.881204692,0.019972493
1415.0,1989.0,2234.0,1956.0,1974.0,1963.0,1963.0,1948.0,1974.0,1955.0,1948.0,1952.0,1959.0,1957.0,1940.0,1948.0,1937.0,1961.0,1955.0,1935.0,1942.0,1943.0,1942.0,1933.0,1932.0,3133.0,3527.0,3508.0,3368.0,3487.0,3364.0,3183.0,3296.0,3272.0,3353.0,3008.0,3485.0,3474.0,3279.0,3452.0,3257.0,3449.0,3508.0,3414.0,98.901201711,0.019926213
1415.0,1987.0,2236.0,1934.0,1943.0,1953.0,1939.0,1920.0,1922.0,1931.0,1935.0,1925.0,1929.0,1920.0,1916.0,1922.0,1919.0,1925.0,1924.0,1917.0,1901.0,1914.0,1917.0,1897.0,1919.0,3138.0,3529.0,3508.0,3371.0,3488.0,3365.0,3183.0,3296.0,3270.0,3352.0,3004.0,3485.0,3473.0,3277.0,3452.0,3256.0,3449.0,3508.0,3412.0,98.921204329,0.019960488000000002
1414.0,1988.0,2238.0,1909.0,1912.0,1889.0,1889.0,1904.0,1913.0,1922.0,1911.0,1905.0,1911.0,1909.0,1906.0,1910.0,1914.0,1914.0,1918.0,1910.0,1904.0,1909.0,1908.0,1900.0,1912.0,3142.0,3529.0,3509.0,3372.0,3489.0,3366.0,3183.0,3296.0,3271.0,3352.0,3005.0,3485.0,3473.0,3278.0,3452.0,3256.0,3448.0,3508.0,3414.0,98.941206797,0.019934011
1414.0,1991.0,2241.0,1884.0,1878.0,1888.0,1887.0,1880.0,1881.0,1879.0,1879.0,1867.0,1862.0,1875.0,1876.0,1874.0,1869.0,1858.0,1866.0,1861.0,1861.0,1874.0,1877.0,1876.0,1861.0,3144.0,3529.0,3509.0,3373.0,3489.0,3365.0,3184.0,3296.0,3270.0,3352.0,3009.0,3485.0,3473.0,3278.0,3453.0,3257.0,3449.0,3509.0,3413.0,98.961205021,0.019931758
1415.0,1990.0,2245.0,1839.0,1832.0,1836.0,1832.0,1838.0,1832.0,1830.0,1841.0,1840.0,1839.0,1828.0,1833.0,1846.0,1843.0,1832.0,1831.0,1833.0,1840.0,1849.0,1846.0,1845.0,1850.0,3146.0,3530.0,3509.0,3375.0,3488.0,3367.0,3184.0,3296.0,3270.0,3353.0,3010.0,3485.0,3473.0,3279.0,3452.0,3257.0,3448.0,3509.0,3415.0,98.981205817,0.01994079
1414.0,1991.0,2246.0,1904.0,1907.0,1918.0,1913.0,1921.0,1920.0,1919.0,1919.0,1922.0,1923.0,1923.0,1920.0,1923.0,1924.0,1937.0,1935.0,1937.0,1928.0,1932.0,1936.0,1943.0,1946.0,3151.0,3530.0,3510.0,3376.0,3489.0,3367.0,3184.0,3297.0,3269.0,3351.0,3008.0,3484.0,3472.0,3278.0,3452.0,3256.0,3449.0,3508.0,3413.0,99.001203028,0.019926896000000003
1415.0,1991.0,2246.0,1995.0,1998.0,2001.0,2001.0,2004.0,2005.0,2012.0,2016.0,2017.0,2022.0,2023.0,2023.0,2017.0,2023.0,2024.0,2030.0,2032.0,2038.0,2041.0,2040.0,2041.0,2041.0,3152.0,3530.0,3510.0,3376.0,3490.0,3368.0,3184.0,3297.0,3270.0,3352.0,3010.0,3484.0,3473.0,3279.0,3453.0,3257.0,3449.0,3509.0,3413.0,99.021206369,0.019961183
1415.0,1992.0,2244.0,2068.0,2074.0,2074.0,2078.0,2075.0,2075.0,2075.0,2084.0,2089.0,2083.0,2078.0,2081.0,2085.0,2086.0,2086.0,2091.0,2089.0,2087.0,2090.0,2095.0,2095.0,2096.0,3148.0,3530.0,3510.0,3374.0,3488.0,3367.0,3184.0,3296.0,3271.0,3352.0,3014.0,3485.0,3473.0,3280.0,3454.0,3258.0,3449.0,3510.0,3414.0,99.04120659,0.019933851000000002
1415.0,1990.0,2244.0,2082.0,2085.0,2079.0,2076.0,2068.0,2067.0,2072.0,2065.0,2063.0,2069.0,2059.0,2058.0,2050.0,2057.0,2048.0,2048.0,2054.0,2054.0,2046.0,2044.0,2044.0,2039.0,3144.0,3528.0,3509.0,3372.0,3487.0,3366.0,3184.0,3296.0,3271.0,3352.0,3018.0,3486.0,3474.0,3282.0,3454.0,3259.0,3448.0,3509.0,3413.0,99.06120243,0.019928926
1414.0,1990.0,2244.0,2040.0,2036.0,2034.0,2036.0,2034.0,2032.0,2028.0,2037.0,2033.0,2028.0,2030.0,2029.0,2027.0,2035.0,2039.0,2036.0,2032.0,2039.0,2040.0,2047.0,2035.0,2033.0,3142.0,3528.0,3509.0,3372.0,3487.0,3365.0,3184.0,3296.0,3271.0,3352.0,3018.0,3487.0,3475.0,3282.0,3454.0,3260.0,3448.0,3508.0,3415.0,99.081205555,0.019973275000000002
1415.0,1991.0,2245.0,2019.0,2004.0,2005.0,1997.0,2003.0,1998.0,1987.0,1984.0,1992.0,1987.0,1991.0,1996.0,1976.0,1973.0,1984.0,1981.0,1978.0,1972.0,1967.0,1971.0,1976.0,1980.0,3142.0,3528.0,3508.0,3372.0,3488.0,3365.0,3184.0,3296.0,3272.0,3352.0,3019.0,3487.0,3475.0,3282.0,3454.0,3259.0,3448.0,3509.0,3414.0,99.101205811,0.019931676000000002
1415.0,1991.0,2247.0,1959.0,1958.0,1953.0,1957.0,1953.0,1952.0,1951.0,1937.0,1940.0,1940.0,1932.0,1932.0,1942.0,1946.0,1939.0,1933.0,1942.0,1935.0,1928.0,1934.0,1940.0,1934.0,3146.0,3529.0,3510.0,3374.0,3488.0,3365.0,3184.0,3297.0,3271.0,3352.0,3016.0,3486.0,3474.0,3281.0,3453.0,3258.0,3448.0,3510.0,3413.0,99.121206542,0.019945362
1414.0,1993.0,2246.0,1972.0,1972.0,1981.0,1982.0,1983.0,1984.0,1986.0,1991.0,1996.0,1991.0,1989.0,1989.0,1994.0,1991.0,1997.0,2015.0,1999.0,2000.0,2009.0,2017.0,2015.0,2014.0,3150.0,3529.0,3509.0,3375.0,3489.0,3367.0,3185.0,3297.0,3270.0,3352.0,3015.0,3484.0,3473.0,3280.0,3454.0,3257.0,3448.0,3509.0,3413.0,99.141205969,0.019930258000000003
1414.0,1991.0,2245.0,2062.0,2063.0,2066.0,2065.0,2074.0,2074.0,2075.0,2084.0,2081.0,2096.0,2104.0,2098.0,2084.0,2090.0,2092.0,2103.0,2103.0,2101.0,2108.0,2105.0,2113.0,2117.0,3147.0,3530.0,3509.0,3373.0,3488.0,3366.0,3185.0,3297.0,3272.0,3352.0,3019.0,3487.0,3475.0,3282.0,3454.0,3259.0,3447.0,3509.0,3414.0,99.161205274,0.019932725000000002
1414.0,1990.0,2242.0,2151.0,2165.0,2160.0,2169.0,2173.0,2168.0,2165.0,2163.0,2152.0,2150.0,2164.0,2165.0,2150.0,2153.0,2151.0,2155.0,2145.0,2151.0,2150.0,2153.0,2155.0,2120.0,3142.0,3527.0,3508.0,3371.0,3488.0,3365.0,3185.0,3296.0,3272.0,3353.0,3020.0,3486.0,3475.0,3282.0,3454.0,3259.0,3449.0,3509.0,3414.0,99.18120660700001,0.019954036
1415.0,1991.0,2240.0,2140.0,2145.0,2146.0,2155.0,2143.0,2144.0,2145.0,2150.0,2143.0,2142.0,2151.0,2150.0,2165.0,2166.0,2151.0,2139.0,2151.0,2168.0,2159.0,2170.0,2166.0,2156.0,3139.0,3528.0,3509.0,3369.0,3487.0,3365.0,3184.0,3295.0,3272.0,3352.0,3019.0,3487.0,3475.0,3283.0,3454.0,3258.0,3448.0,3509.0,3414.0,99.20120726,0.019934766
1415.0,1991.0,2239.0,2113.0,2114.0,2106.0,2112.0,2119.0,2119.0,2120.0,2102.0,2089.0,2108.0,2089.0,2107.0,2125.0,2097.0,2084.0,2089.0,2095.0,2093.0,2091.0,2089.0,2087.0,2073.0,3136.0,3527.0,3507.0,3369.0,3487.0,3363.0,3184.0,3296.0,3273.0,3352.0,3017.0,3487.0,3475.0,3282.0,3454.0,3259.0,3448.0,3509.0,3414.0,99.221210787,0.019948511000000002
1415.0,1990.0,2239.0,2084.0,2081.0,2074.0,2058.0,2054.0,2072.0,2075.0,2065.0,2056.0,2059.0,2054.0,2037.0,2046.0,2054.0,2041.0,2033.0,2049.0,2040.0,2008.0,2025.0,2029.0,1997.0,3137.0,3527.0,3508.0,3370.0,3488.0,3363.0,3184.0,3297.0,3271.0,3352.0,3015.0,3486.0,3475.0,3281.0,3454.0,3258.0,3449.0,3509.0,3413.0,99.241212293,0.019927102000000002
1415.0,1991.0,2240.0,1986.0,1979.0,1975.0,1973.0,1977.0,1974.0,1977.0,1971.0,1983.0,1979.0,1960.0,1962.0,1975.0,1981.0,1983.0,1973.0,1961.0,1962.0,1970.0,1984.0,1972.0,1968.0,3139.0,3528.0,3508.0,3370.0,3487.0,3364.0,3184.0,3296.0,3271.0,3353.0,3015.0,3486.0,3474.0,3280.0,3453.0,3258.0,3449.0,3509.0,3413.0,99.261206652,0.019916079
1415.0,1991.0,2240.0,1979.0,1981.0,1991.0,1989.0,1974.0,1981.0,1990.0,1987.0,1994.0,1993.0,2000.0,1989.0,1972.0,2004.0,2010.0,2006.0,2006.0,2000.0,2012.0,2006.0,2005.0,2011.0,3142.0,3528.0,3508.0,3371.0,3488.0,3364.0,3184.0,3296.0,3271.0,3353.0,3013.0,3485.0,3474.0,3280.0,3452.0,3257.0,3449.0,3509.0,3413.0,99.281209412,0.0199679
1414.0,1992.0,2240.0,2031.0,2030.0,2035.0,2039.0,2050.0,2044.0,2036.0,2042.0,2046.0,2042.0,2045.0,2042.0,2041.0,2048.0,2045.0,2043.0,2049.0,2036.0,2034.0,2044.0,2035.0,2051.0,3146.0,3529.0,3510.0,3374.0,3489.0,3366.0,3184.0,3297.0,3270.0,3353.0,3006.0,3485.0,3472.0,3276.0,3451.0,3255.0,3449.0,3509.0,3413.0,99.301207688,0.019928731
1415.0,1993.0,2240.0,2060.0,2049.0,2050.0,2054.0,2046.0,2051.0,2059.0,2054.0,2062.0,2055.0,2045.0,2047.0,2060.0,2064.0,2064.0,2064.0,2059.0,2065.0,2046.0,2048.0,2060.0,2064.0,3150.0,3530.0,3511.0,3376.0,3489.0,3367.0,3184.0,3298.0,3270.0,3352.0,3000.0,3481.0,3471.0,3273.0,3450.0,3252.0,3449.0,3509.0,3413.0,99.321209998,0.019953386
1415.0,1995.0,2240.0,2046.0,2036.0,2029.0,2033.0,2041.0,2042.0,2036.0,2032.0,2034.0,2026.0,2031.0,2029.0,2034.0,2032.0,2017.0,2022.0,2019.0,2025.0,2038.0,2028.0,2013.0,2009.0,3154.0,3531.0,3512.0,3376.0,3490.0,3368.0,3184.0,3298.0,3269.0,3352.0,2996.0,3481.0,3469.0,3272.0,3449.0,3252.0,3447.0,3508.0,3413.0,99.341210264,0.019931948
1415.0,1994.0,2240.0,2024.0,2020.0,2023.0,2031.0,2023.0,2029.0,2026.0,2020.0,2017.0,2010.0,2010.0,2009.0,2006.0,2023.0,2029.0,2008.0,2007.0,2018.0,2007.0,2008.0,2007.0,2019.0,3155.0,3531.0,3512.0,3377.0,3490.0,3368.0,3184.0,3298.0,3269.0,3352.0,2995.0,3480.0,3469.0,3272.0,3449.0,3252.0,3447.0,3508.0,3413.0,99.361207107,0.019928679
1415.0,1992.0,2240.0,2046.0,2041.0,2037.0,2025.0,2034.0,2028.0,2042.0,2035.0,2034.0,2031.0,2027.0,2026.0,2045.0,2031.0,2031.0,2049.0,2039.0,2037.0,2030.0,2036.0,2018.0,2032.0,3154.0,3530.0,3511.0,3377.0,3490.0,3368.0,3184.0,3298.0,3269.0,3352.0,2996.0,3481.0,3469.0,3271.0,3450.0,3252.0,3448.0,3508.0,3413.0,99.381208246,0.019963065000000002
1415.0,1994.0,2238.0,2064.0,2055.0,2040.0,2053.0,2038.0,2048.0,2058.0,2048.0,2049.0,2047.0,2066.0,2051.0,2042.0,2056.0,2059.0,2060.0,2052.0,2059.0,2050.0,2065.0,2068.0,2058.0,3155.0,3531.0,3511.0,3378.0,3489.0,3370.0,3184.0,3298.0,3269.0,3351.0,2993.0,3480.0,3469.0,3270.0,3448.0,3251.0,3447.0,3508.0,3413.0,99.401208485,0.01993649
1415.0,1992.0,2239.0,2035.0,2030.0,2038.0,2031.0,2034.0,2034.0,2038.0,2037.0,2035.0,2038.0,2036.0,2023.0,2044.0,2051.0,2051.0,2056.0,2047.0,2044.0,2027.0,2046.0,2046.0,2035.0,3157.0,3533.0,3512.0,3378.0,3491.0,3369.0,3184.0,3298.0,3268.0,3352.0,2987.0,3481.0,3469.0,3268.0,3448.0,3249.0,3448.0,3508.0,3414.0,99.42121142,0.01995409
1415.0,1991.0,2238.0,2045.0,2052.0,2045.0,2057.0,2065.0,2055.0,2041.0,2046.0,2056.0,2038.0,2049.0,2063.0,2053.0,2046.0,2065.0,2055.0,2034.0,2047.0,2070.0,2053.0,2035.0,2054.0,3158.0,3533.0,3513.0,3379.0,3490.0,3369.0,3184.0,3298.0,3269.0,3351.0,2988.0,3480.0,3469.0,3269.0,3448.0,3251.0,3448.0,3507.0,3413.0,99.441211299,0.019933013000000003
1414.0,1991.0,2238.0,2062.0,2069.0,2071.0,2062.0,2062.0,2074.0,2056.0,2054.0,2084.0,2071.0,2054.0,2062.0,2073.0,2086.0,2066.0,2064.0,2065.0,2047.0,2055.0,2067.0,2064.0,2058.0,3151.0,3531.0,3510.0,3376.0,3490.0,3367.0,3184.0,3297.0,3269.0,3352.0,2998.0,3482.0,3470.0,3273.0,3450.0,3253.0,3448.0,3509.0,3413.0,99.461210888,0.019929317000000002
1415.0,1990.0,2236.0,2075.0,2068.0,2061.0,2064.0,2084.0,2077.0,2093.0,2101.0,2078.0,2073.0,2051.0,2067.0,2089.0,2089.0,2092.0,2086.0,2085.0,2072.0,2064.0,2073.0,2088.0,2084.0,3147.0,3530.0,3510.0,3375.0,3488.0,3366.0,3185.0,3297.0,3270.0,3352.0,3001.0,3483.0,3470.0,3274.0,3450.0,3253.0,3448.0,3508.0,3413.0,99.481210811,0.01993234
1415.0,1990.0,2235.0,2086.0,2076.0,2076.0,2070.0,2072.0,2075.0,2105.0,2112.0,2096.0,2102.0,2093.0,2086.0,2094.0,2115.0,2125.0,2125.0,2102.0,2093.0,2097.0,2103.0,2104.0,2092.0,3146.0,3530.0,3509.0,3374.0,3488.0,3367.0,3184.0,3297.0,3270.0,3353.0,2999.0,3483.0,3470.0,3274.0,3450.0,3253.0,3448.0,3509.0,3413.0,99.501209053,0.019936878
1415.0,1990.0,2234.0,2082.0,2079.0,2081.0,2081.0,2082.0,2085.0,2085.0,2097.0,2101.0,2071.0,2063.0,2063.0,2063.0,2081.0,2083.0,2074.0,2065.0,2048.0,2059.0,2066.0,2064.0,2056.0,3145.0,3530.0,3510.0,3374.0,3488.0,3366.0,3184.0,3297.0,3270.0,3353.0,2998.0,3483.0,3471.0,3273.0,3451.0,3252.0,3449.0,3508.0,3413.0,99.521214023,0.019940146000000002
1414.0,1991.0,2235.0,2009.0,2012.0,2002.0,2007.0,1991.0,1989.0,1996.0,1994.0,1994.0,1986.0,1994.0,1991.0,1978.0,1979.0,1990.0,1987.0,1980.0,1985.0,1979.0,1979.0,1967.0,1976.0,3145.0,3530.0,3509.0,3373.0,3489.0,3366.0,3184.0,3297.0,3269.0,3352.0,2999.0,3482.0,3472.0,3274.0,3451.0,3253.0,3449.0,3508.0,3412.0,99.54121262,0.019925304
1415.0,1990.0,2237.0,1954.0,1946.0,1949.0,1940.0,1953.0,1958.0,1942.0,1951.0,1947.0,1939.0,1945.0,1960.0,1952.0,1943.0,1941.0,1937.0,1940.0,1957.0,1952.0,1945.0,1941.0,1928.0,3148.0,3530.0,3509.0,3375.0,3489.0,3367.0,3184.0,3297.0,3270.0,3352.0,2998.0,3482.0,3470.0,3272.0,3450.0,3253.0,3448.0,3508.0,3413.0,99.561209775,0.019927455
1415.0,1992.0,2239.0,1923.0,1905.0,1906.0,1914.0,1918.0,1917.0,1921.0,1926.0,1913.0,1911.0,1917.0,1914.0,1916.0,1925.0,1920.0,1926.0,1924.0,1915.0,1932.0,1931.0,1915.0,1928.0,3149.0,3530.0,3510.0,3375.0,3489.0,3367.0,3184.0,3297.0,3270.0,3352.0,3000.0,3482.0,3470.0,3273.0,3451.0,3253.0,3448.0,3508.0,3413.0,99.581212525,0.019957163
1415.0,1992.0,2241.0,1934.0,1934.0,1928.0,1929.0,1927.0,1931.0,1936.0,1926.0,1933.0,1938.0,1933.0,1929.0,1927.0,1922.0,1925.0,1933.0,1939.0,1944.0,1941.0,1938.0,1934.0,1941.0,3149.0,3530.0,3509.0,3374.0,3489.0,3367.0,3184.0,3298.0,3270.0,3352.0,3006.0,3483.0,3472.0,3277.0,3452.0,3254.0,3448.0,3509.0,3413.0,99.60121097,0.019932999
1414.0,1991.0,2240.0,2001.0,2000.0,2006.0,2006.0,2005.0,2006.0,2017.0,2014.0,1999.0,2007.0,2000.0,2003.0,2009.0,2011.0,1993.0,2005.0,2005.0,2001.0,1997.0,2004.0,2015.0,2001.0,3143.0,3530.0,3509.0,3372.0,3488.0,3365.0,3185.0,3297.0,3271.0,3352.0,3014.0,3486.0,3474.0,3279.0,3453.0,3256.0,3448.0,3509.0,3412.0,99.621209917,0.019932103
1415.0,1993.0,2240.0,2037.0,2038.0,2038.0,2035.0,2036.0,2046.0,2043.0,2052.0,2052.0,2047.0,2051.0,2043.0,2061.0,2065.0,2065.0,2063.0,2063.0,2056.0,2062.0,2075.0,2082.0,2073.0,3140.0,3528.0,3509.0,3371.0,3487.0,3363.0,3184.0,3296.0,3272.0,3353.0,3017.0,3486.0,3475.0,3281.0,3454.0,3258.0,3449.0,3509.0,3414.0,99.641213828,0.019968444000000002
1415.0,1992.0,2239.0,2095.0,2095.0,2092.0,2093.0,2106.0,2105.0,2102.0,2093.0,2092.0,2081.0,2088.0,2097.0,2087.0,2088.0,2090.0,2086.0,2073.0,2077.0,2081.0,2078.0,2074.0,2079.0,3138.0,3527.0,3507.0,3370.0,3487.0,3363.0,3185.0,3297.0,3272.0,3352.0,3017.0,3487.0,3476.0,3282.0,3453.0,3259.0,3448.0,3508.0,3414.0,99.661210193,0.019930052
1415.0,1991.0,2240.0,2013.0,2017.0,2012.0,2008.0,2005.0,2003.0,2006.0,2006.0,2000.0,1998.0,1995.0,1992.0,1997.0,1991.0,1986.0,1982.0,1972.0,1972.0,1971.0,1977.0,1974.0,1972.0,3138.0,3527.0,3507.0,3369.0,3487.0,3363.0,3184.0,3295.0,3271.0,3353.0,3015.0,3487.0,3475.0,3281.0,3453.0,3258.0,3448.0,3509.0,3414.0,99.681214768,0.019963826
1415.0,1992.0,2241.0,1956.0,1958.0,1965.0,1960.0,1958.0,1970.0,1974.0,1972.0,1977.0,1968.0,1960.0,1952.0,1949.0,1941.0,1949.0,1957.0,1958.0,1954.0,1953.0,1960.0,1961.0,1970.0,3142.0,3528.0,3509.0,3372.0,3488.0,3364.0,3184.0,3296.0,3272.0,3352.0,3014.0,3486.0,3473.0,3280.0,3452.0,3257.0,3448.0,3509.0,3413.0,99.70121227,0.019924719
1415.0,1991.0,2240.0,2049.0,2060.0,2066.0,2068.0,2069.0,2063.0,2068.0,2079.0,2080.0,2077.0,2080.0,2083.0,2082.0,2086.0,2096.0,2091.0,2085.0,2084.0,2088.0,2100.0,2091.0,2094.0,3146.0,3529.0,3509.0,3374.0,3488.0,3365.0,3185.0,3297.0,3271.0,3352.0,3009.0,3485.0,3473.0,3278.0,3451.0,3254.0,3447.0,3510.0,3413.0,99.721214056,0.019934159
1415.0,1992.0,2238.0,2116.0,2112.0,2112.0,2118.0,2121.0,2119.0,2123.0,2123.0,2115.0,2112.0,2114.0,2108.0,2110.0,2105.0,2103.0,2108.0,2106.0,2102.0,2111.0,2114.0,2101.0,2097.0,3146.0,3529.0,3509.0,3373.0,3488.0,3366.0,3184.0,3296.0,3271.0,3352.0,3006.0,3484.0,3472.0,3275.0,3451.0,3255.0,3448.0,3509.0,3413.0,99.741215119,0.019939258
1415.0,1993.0,2237.0,2074.0,2077.0,2073.0,2066.0,2062.0,2076.0,2076.0,2068.0,2068.0,2065.0,2067.0,2066.0,2086.0,2072.0,2070.0,2073.0,2065.0,2069.0,2064.0,2069.0,2074.0,2066.0,3144.0,3529.0,3510.0,3372.0,3488.0,3365.0,3185.0,3296.0,3270.0,3352.0,3006.0,3485.0,3473.0,3276.0,3451.0,3255.0,3448.0,3508.0,3413.0,99.761213148,0.019931486
1415.0,1994.0,2237.0,2054.0,2048.0,2062.0,2063.0,2048.0,2051.0,2053.0,2055.0,2053.0,2060.0,2050.0,2051.0,2055.0,2051.0,2052.0,2041.0,2050.0,2042.0,2055.0,2049.0,2047.0,2048.0,3142.0,3528.0,3509.0,3372.0,3487.0,3365.0,3184.0,3297.0,3272.0,3352.0,3008.0,3485.0,3473.0,3278.0,3452.0,3255.0,3449.0,3509.0,3414.0,99.781215587,0.019945082000000003
1415.0,1994.0,2237.0,2036.0,2035.0,2040.0,2037.0,2040.0,2044.0,2043.0,2037.0,2035.0,2032.0,2043.0,2051.0,2041.0,2043.0,2039.0,2031.0,2041.0,2055.0,2047.0,2050.0,2052.0,2045.0,3144.0,3529.0,3509.0,3372.0,3488.0,3365.0,3184.0,3298.0,3270.0,3353.0,3005.0,3484.0,3472.0,3277.0,3451.0,3254.0,3448.0,3509.0,3413.0,99.801214545,0.019932507000000002
1415.0,1995.0,2236.0,2060.0,2053.0,2040.0,2051.0,2060.0,2052.0,2051.0,2048.0,2050.0,2051.0,2055.0,2051.0,2051.0,2056.0,2041.0,2048.0,2049.0,2046.0,2048.0,2050.0,2046.0,2044.0,3145.0,3530.0,3509.0,3373.0,3488.0,3366.0,3184.0,3297.0,3270.0,3352.0,3003.0,3482.0,3472.0,3275.0,3451.0,3254.0,3449.0,3509.0,3413.0,99.821212699,0.019934149
1415.0,1994.0,2236.0,2042.0,2041.0,2048.0,2049.0,2044.0,2048.0,2049.0,2045.0,2048.0,2057.0,2057.0,2054.0,2046.0,2049.0,2049.0,2049.0,2051.0,2063.0,2047.0,2043.0,2055.0,2059.0,3144.0,3529.0,3509.0,3372.0,3488.0,3365.0,3184.0,3297.0,3270.0,3353.0,3004.0,3484.0,3472.0,3276.0,3451.0,3255.0,3448.0,3508.0,3413.0,99.841216092,0.019969991000000003
1415.0,1995.0,2235.0,2056.0,2058.0,2063.0,2056.0,2060.0,2060.0,2055.0,2058.0,2064.0,2054.0,2057.0,2044.0,2043.0,2042.0,2045.0,2049.0,2045.0,2040.0,2051.0,2057.0,2025.0,2028.0,3142.0,3529.0,3509.0,3372.0,3488.0,3365.0,3184.0,3297.0,3271.0,3352.0,3004.0,3485.0,3471.0,3276.0,3451.0,3255.0,3448.0,3509.0,3413.0,99.861214051,0.019930614000000003
1415.0,1997.0,2235.0,2054.0,2071.0,2081.0,2079.0,2075.0,2056.0,2077.0,2075.0,2082.0,2081.0,2094.0,2063.0,2055.0,2065.0,2059.0,2081.0,2067.0,2052.0,2051.0,2046.0,2033.0,2047.0,3143.0,3529.0,3509.0,3371.0,3488.0,3365.0,3184.0,3297.0,3271.0,3352.0,3004.0,3483.0,3472.0,3276.0,3450.0,3254.0,3449.0,3509.0,3413.0,99.881216796,0.019957122
1415.0,1994.0,2236.0,2002.0,1992.0,2006.0,1996.0,1980.0,1994.0,1980.0,1964.0,1979.0,1988.0,1992.0,1989.0,1985.0,1975.0,1982.0,1987.0,1973.0,1984.0,1974.0,2010.0,2002.0,1960.0,3141.0,3529.0,3509.0,3371.0,3488.0,3365.0,3184.0,3297.0,3270.0,3352.0,3007.0,3484.0,3472.0,3277.0,3452.0,3255.0,3448.0,3508.0,3414.0,99.901217169,0.019935015
1415.0,1996.0,2238.0,1950.0,1957.0,1956.0,1945.0,1949.0,1949.0,1952.0,1957.0,1957.0,1947.0,1954.0,1951.0,1955.0,1963.0,1961.0,1964.0,1973.0,1950.0,1952.0,1966.0,1972.0,1975.0,3141.0,3529.0,3508.0,3371.0,3488.0,3364.0,3185.0,3296.0,3271.0,3352.0,3009.0,3485.0,3474.0,3278.0,3453.0,3256.0,3448.0,3509.0,3413.0,99.921214073,0.019930556000000002
1415.0,1998.0,2238.0,1960.0,1968.0,1973.0,1974.0,1970.0,1962.0,1972.0,1959.0,1970.0,1981.0,1981.0,1980.0,1980.0,1972.0,1973.0,1971.0,1986.0,1987.0,1990.0,1987.0,1985.0,1990.0,3142.0,3528.0,3509.0,3371.0,3489.0,3365.0,3184.0,3297.0,3271.0,3352.0,3009.0,3485.0,3473.0,3277.0,3451.0,3256.0,3448.0,3509.0,3413.0,99.941217425,0.019965280000000002
1415.0,1998.0,2239.0,1997.0,2000.0,2004.0,1998.0,2011.0,2012.0,2001.0,2006.0,2014.0,2014.0,2016.0,2018.0,2021.0,2013.0,2006.0,2014.0,2014.0,2014.0,2026.0,2026.0,2019.0,2017.0,3143.0,3530.0,3509.0,3372.0,3487.0,3365.0,3184.0,3298.0,3271.0,3353.0,3008.0,3485.0,3473.0,3278.0,3452.0,3256.0,3448.0,3509.0,3413.0,99.961214801,0.019929736
1415.0,1995.0,2237.0,2050.0,2062.0,2054.0,2055.0,2068.0,2063.0,2056.0,2068.0,2056.0,2057.0,2073.0,2077.0,2067.0,2065.0,2067.0,2063.0,2075.0,2082.0,2083.0,2078.0,2077.0,2076.0,3143.0,3529.0,3509.0,3372.0,3488.0,3366.0,3184.0,3298.0,3271.0,3352.0,3008.0,3484.0,3473.0,3278.0,3453.0,3256.0,3449.0,3509.0,3414.0,99.981217994,0.019951201000000002
1415.0,1994.0,2237.0,2053.0,2043.0,2047.0,2041.0,2047.0,2045.0,2051.0,2051.0,2052.0,2047.0,2040.0,2044.0,2039.0,2057.0,2065.0,2059.0,2066.0,2063.0,2055.0,2055.0,2060.0,2066.0,3143.0,3530.0,3509.0,3373.0,3488.0,3366.0,3185.0,3297.0,3270.0,3352.0,3006.0,3484.0,3472.0,3277.0,3453.0,3256.0,3449.0,3509.0,3413.0,100.001217924,0.019935566000000002
1416.0,1997.0,2236.0,2061.0,2054.0,2055.0,2070.0,2057.0,2067.0,2073.0,2054.0,2055.0,2065.0,2054.0,2066.0,2073.0,2059.0,2066.0,2069.0,2066.0,2060.0,2055.0,2070.0,2073.0,2065.0,3145.0,3529.0,3510.0,3374.0,3488.0,3366.0,3185.0,3297.0,3271.0,3352.0,3003.0,3483.0,3472.0,3275.0,3451.0,3254.0,3448.0,3508.0,3413.0,100.02121521,0.019930410000000003
1415.0,1995.0,2235.0,2087.0,2089.0,2073.0,2074.0,2066.0,2088.0,2092.0,2080.0,2079.0,2070.0,2072.0,2077.0,2077.0,2076.0,2078.0,2075.0,2072.0,2082.0,2068.0,2074.0,2085.0,2079.0,3147.0,3529.0,3510.0,3373.0,3489.0,3366.0,3184.0,3298.0,3271.0,3352.0,3001.0,3483.0,3471.0,3275.0,3451.0,3253.0,3449.0,3509.0,3413.0,100.041218532,0.019965429
1415.0,1995.0,2234.0,2090.0,2087.0,2082.0,2084.0,2088.0,2074.0,2081.0,2099.0,2099.0,2086.0,2086.0,2076.0,2074.0,2083.0,2087.0,2092.0,2088.0,2077.0,2091.0,2091.0,2086.0,2098.0,3145.0,3530.0,3510.0,3374.0,3488.0,3366.0,3184.0,3297.0,3270.0,3352.0,2998.0,3482.0,3470.0,3274.0,3451.0,3253.0,3449.0,3508.0,3413.0,100.061216021,0.019930725
1415.0,1995.0,2232.0,2095.0,2101.0,2088.0,2080.0,2082.0,2090.0,2081.0,2073.0,2091.0,2086.0,2070.0,2080.0,2084.0,2096.0,2098.0,2088.0,2096.0,2090.0,2093.0,2101.0,2095.0,2090.0,3145.0,3530.0,3509.0,3373.0,3488.0,3366.0,3184.0,3298.0,3270.0,3352.0,2994.0,3482.0,3470.0,3272.0,3450.0,3252.0,3448.0,3508.0,3412.0,100.081216,0.019935269000000002
1415.0,1995.0,2231.0,2124.0,2112.0,2113.0,2096.0,2106.0,2119.0,2115.0,2111.0,2116.0,2103.0,2091.0,2104.0,2125.0,2115.0,2120.0,2107.0,2103.0,2093.0,2096.0,2125.0,2113.0,2109.0,3147.0,3531.0,3510.0,3375.0,3488.0,3368.0,3184.0,3298.0,3269.0,3352.0,2989.0,3481.0,3469.0,3270.0,3450.0,3251.0,3449.0,3508.0,3412.0,100.101219646,0.01996329
1415.0,1995.0,2231.0,2040.0,2040.0,2034.0,2038.0,2037.0,2028.0,2034.0,2036.0,2027.0,2026.0,2045.0,2027.0,2032.0,2021.0,2024.0,2028.0,2017.0,2007.0,2009.0,2008.0,2007.0,2011.0,3148.0,3531.0,3509.0,3374.0,3488.0,3366.0,3184.0,3298.0,3269.0,3352.0,2987.0,3481.0,3469.0,3269.0,3448.0,3250.0,3449.0,3508.0,3413.0,100.121215849,0.019924684
1414.0,1996.0,2232.0,1979.0,1986.0,1978.0,1984.0,1985.0,1980.0,1980.0,1980.0,1982.0,2002.0,1991.0,1989.0,1978.0,1974.0,1985.0,1996.0,1991.0,1985.0,1981.0,1991.0,2004.0,1994.0,3148.0,3531.0,3511.0,3375.0,3489.0,3366.0,3184.0,3298.0,3270.0,3351.0,2991.0,3480.0,3469.0,3271.0,3449.0,3251.0,3448.0,3508.0,3413.0,100.141217894,0.019962469
